0
0
1
0
1
256687442
63476488
699137218
88285805
58096961
133961974
142562102
276272548
782548661
651228777
576170
444475677
156341625
247129471
767619907
417865588
64977610
37452210
502669301
430683587
299025379
54435569
129499385
206691329
141234353
209076563
208124187
640021435
384299405
213200533
329084358
85685200
157610945
36070640
58804801
70992771
444630990
524247385
365365910
373256783
26090353
643771135
51673621
109945709
26329878
84806026
646588547
54957391
592682266
159860487
689144333
140709392
308348308
64953183
64641925
35533896
548380417
209844011
28891713
33793317
234980716
606505156
203266153
254345230
681637425
16793146
74734810
91170743
137340215
346204204
292745661
152526634
259490291
421215619
145638658
323836561
4525804
185650543
167009507
53925307
212372785
725122848
475843017
365003877
68598778
14747987
2747889
315953539
141883496
622675575
376345525
504852570
119575188
174085511
249782245
20277242
462993700
603856087
503534896
294623786
120796761
578595738
27348325
296029345
2742466
216593516
4898386
184981171
79561
491813706
47418423
527491715
207361486
449412196
675943927
148121371
417301231
127338400
543090433
210957561
15117379
849649971
328836678
225541203
896573056
31505038
800652598
421159466
120070609
259691157
386230651
203163249
63809054
535353697
285118326
3635397
41592109
479217699
174322771
109517647
422279986
249082298
125524402
153553742
509960321
591941916
727772408
451472928
4138553
2807809
152325356
71352151
27048905
610406729
515621485
624804414
444448954
25734267
155488387
11300461
433988
61245946
6715764
14629693
575291615
16439677
434342862
317725391
608622169
16404774
97686754
26181074
234013474
293262011
250947961
480099273
42258748
88516867
13094953
574035125
114588149
270176411
554843705
698991169
213546931
97358776
185108750
360351580
15572307
318955631
409903573
83243075
189382566
349756405
5977971
64260465
480048881
96644518
34524006
142039477
29135097
142305381
3618038
226891481
180187681
188762478
21716917
884636644
72605619
2995392
38517997
17919433
112197952
27211621
60041027
331982
126371650
15780499
30245066
99055525
178990651
149356888
298823169
250698339
241516755
443988594
506101723
142317196
310442987
427541941
52526787
293873039
697278065
49969385
154211825
582733838
4675121
101057501
4493371
169027733
2939652
83841538
252115967
53013716
109950029
322390037
67075123
27442591
32669623
240673501
221832485
133745347
39512419
648571130
180292526
858446758
163423592
56448771
204710382
15551069
7384790
47591031
577970261
203787651
566779015
1966861
168241000
512934151
41588614
412612749
107225985
262765329
139608747
9202216
129724064
27991852
103315404
297876521
164710187
71553299
365890392
179033447
446605726
263754443
143033617
582846361
414314727
121591164
376508320
330643951
180127091
45516106
163549963
14195033
11740195
966320602
43618639
66897224
413647393
15825549
29354266
543922630
361184765
409125837
68367347
141811299
12393371
309778645
14842402
37560621
115324369
377644261
178884421
9158108
407660975
48166957
198806989
527991117
117181195
757754749
1661770
30217797
795210759
502372613
638950297
244989865
442191081
382844873
56983991
27494619
15250883
130686434
785795619
128444929
418851707
395953665
188252445
294660096
89121298
468276946
31960603
327769512
322991389
4641729
190591149
222319105
310387522
14112085
359823583
88141963
46989750
2321327
400746809
70528161
56840029
275905751
96237487
400348568
444544557
164099596
15759845
520218338
327492567
437653487
68997734
180134913
3662591
40696888
358636078
290448289
923564667
65295427
5113811
71996673
581866582
512120887
21821109
341918533
118180080
11532968
603028263
15085084
260814823
738724603
49546567
407278606
525802319
7922071
97321207
293492371
35797360
95928805
736684945
522627894
149149332
808945923
167331115
56599331
2870001
195743291
29139681
597645738
133758085
27403476
88581090
117524982
534008652
700718796
50324870
109583052
7477037
184292967
511721527
103720099
49969816
263223827
735005293
28721873
203544928
413282309
501860
161970587
4658212
64646666
9553824
390032769
692041440
185011651
100010654
482886732
77833771
106573627
247148886
115168313
5546925
218013699
311956414
92718443
711119203
161935769
46737362
10629411
47626223
27364926
289132797
469996055
105059657
427646993
157326565
95663370
107312809
61470043
782398279
131448568
249134077
182266909
924149587
465194729
53526610
89488051
518035720
698048385
140166413
292530476
570903816
223228148
124284470
142175250
344178007
15133372
244592686
347679277
28561699
95510493
117178417
512434469
319533489
289084956
10947701
669622403
277746958
167995247
238001301
183186171
624307159
8988051
202063859
9799597
85024459
82030509
368704795
190398908
27493751
251270028
41875441
56742710
40491557
70788306
203924086
142766846
239491909
250943509
711450045
123902305
406578088
480034571
9797047
163085671
76531750
140895037
56738746
196083904
888616136
145643273
229181800
469210765
93757229
109985456
169403636
219445654
369158972
22435435
286141086
430808989
309028347
5081509
145305126
33738868
130742663
48577595
35528543
365005847
187957979
238653811
11609801
399155387
748004064
125993666
165148082
297452673
3008643
327424169
13177978
304667983
86752041
334539815
207760613
80942887
237684197
4388209
59981361
59297188
157654447
184881951
413389489
239874099
311883860
62926313
429234119
45363445
21822722
361812455
3054288
461650071
376508126
5107053
167562617
342635933
495330821
256912137
451807903
224876093
60905618
147341941
300172681
267438961
238590977
346246999
73244646
268060871
121994881
42423612
32226085
33349191
340288006
101406687
339002162
807309767
572675536
84563739
281113949
130232220
377134036
344611283
94894745
352746181
332863921
151414886
196135643
422910007
1141172
582378090
156444376
294066640
44736188
277008567
120023181
52358794
99337342
275530936
104274099
237779312
8117489
395411226
375476146
555711897
178267458
116501742
285979132
103603109
569983436
234325447
253391308
431382701
72328929
364836167
208257961
20456658
210696023
818764910
156600205
280924037
6996449
242909826
998121
913008408
86551759
194836499
593856188
659929781
172815737
203039405
99284719
597818455
20339
81061057
142131369
347225349
37789617
54501593
318189027
27610812
39750246
420037731
15774613
57165311
23288905
383508376
110643067
253978222
174436602
59089724
101252638
28223473
199439976
310310030
320113
116477312
41354755
39933525
281058593
10701631
222073111
200416127
7487035
590895559
55240004
94911487
562325289
451632655
18279736
164879557
46108693
418869887
21358733
26400357
322101461
345796705
273410201
224105896
3263075
101415231
198828171
17921192
608956273
6022498
175159897
43997159
157991887
32146079
71327439
259456809
72268664
574861873
49924936
119072804
518690395
178104424
98241343
199802269
277836079
233725016
154855318
7722417
128448748
12321815
364800019
38072113
4249926
448846579
186588661
228716681
406590259
429782681
34330915
203892753
166873657
531424164
156730736
178932067
188865622
361464841
487639498
44339943
396453108
444429172
54818296
49407460
120784447
356692246
160066712
371495829
576940118
16022368
241858837
153989622
143528097
318980596
144143085
501252345
201268811
118043663
239938264
86494447
84838126
160138284
668686629
78386884
40350493
35284043
77624064
22875133
5626806
135195225
109246016
188978140
10887361
74995928
575505493
132088649
68518572
457354479
258941509
376086307
300253325
289939874
182512378
239669565
195646921
270026329
158136206
34669223
301358039
7134033
195271963
121013840
104808985
88159071
67545277
64860861
13037109
286309206
8726198
36369061
233270083
468507950
32786884
276961805
390567424
70588955
117313853
142188787
791657533
587845041
277123039
54833520
77663200
421562517
373608808
148407640
406445633
282335403
17748764
43418334
515470523
263310942
46140487
76143307
366709056
645513576
655931641
21690248
473130299
220435385
437901535
515622247
287268409
209495653
78783519
500839168
221924569
325794784
68706059
19221990
210111115
93290754
396104623
22633955
575710480
274162045
397304409
494845022
288516238
19500317
118603043
412432288
105852356
480468017
48333341
191717463
170321747
705254186
176976845
192062035
234559800
249233067
107298819
227140418
198551264
282762592
28298626
682014640
444035167
18829565
483324397
921478166
465680
281290006
121819642
740187955
47543606
486355182
619119455
303768461
36830383
25814197
5084612
314725829
286056860
164323186
18156099
730753261
117742159
304149334
28963301
115621699
109877408
72332983
479570017
242704777
353004812
187745326
70731903
40619024
91192391
439631369
245801244
23669370
608829840
313565708
729410449
56857936
484141057
28369166
254573379
266655295
80708145
625308366
87543291
78757724
107761409
586359717
350996377
362686303
18584609
162881271
347430939
735079289
98694281
5944984
7491293
470542236
184921816
77506393
39876413
303412695
97015878
50422343
452738391
641351008
619717632
159676551
51863954
74150154
64634581
36799149
130738543
118511030
225077359
461069333
369600364
228552891
742922069
164337636
39119753
193977179
594356148
131361273
41400266
70256997
1909246
512822644
532341572
753924226
136637269
543917762
225367969
177523719
295265295
183727963
490686429
223155799
17255993
14590749
579517043
114198865
376503645
278559101
80546821
449053726
10149237
121619913
555156181
361546186
87603731
79116217
27739525
252731022
57490709
262094885
95039043
458972615
341010993
129785323
3024778
37298396
146650801
743052061
42197783
527631505
1119428
64604154
49233129
41905029
49438201
399140164
30871094
628365340
301699380
29717926
266481217
79158139
161509186
847946958
232446083
892454985
178078623
176232715
130157201
350565813
202481041
548420545
221187805
15476537
709259206
10660468
41526686
316329673
294611195
56195779
301245232
301167664
63134305
704887396
373457736
267119788
584579113
38608216
577669137
136329181
30619627
428226625
26773069
564670089
469103386
156123520
453633988
85690336
31772698
252115561
5994421
506049810
71246549
412752670
249636436
74838107
483457078
365062549
17552619
169214804
68791576
299788179
44178705
55195006
163383648
576539899
631539045
245595942
350696891
340265732
183199781
105706399
110675756
392194233
593493688
113025926
235756532
811994163
503654147
428381578
115237207
18830185
419250536
175434397
722235307
857344706
296524761
753640239
311881699
2444821
74346543
46387474
77555335
596610955
13450075
345872829
400802668
54789900
109891841
51711166
159076906
314332310
203321700
710912827
239956985
193465414
268016759
65361690
203984227
133501997
44904157
495264069
28046643
19950001
57806443
749112399
26079981
93209377
179851517
145584586
175009006
152430661
43950185
36769694
243351795
400446906
5256089
49152634
182617998
56704104
82609732
227078709
353358605
218415076
635945161
92922346
131057167
8715528
424686128
80579073
606373937
667342828
98711631
164038613
293952541
169449433
10279667
224960
630904981
158261594
48245869
153409313
12807351
1580821
476963015
345014333
3450872
579265228
142749861
72412666
57184656
554780593
735881656
12544923
700270719
15596701
38246825
561204874
572425496
239843382
320850609
395234676
37651271
331778145
694883407
52570629
598597624
142218157
485998951
42706005
155061451
177099027
51378641
29358209
30682348
590582635
46773085
136883370
114448489
183307286
894589441
518981645
435210254
13410085
693029921
133866961
715570131
29027895
153048344
300817819
707201111
359773550
61138391
359653839
142599749
47730833
27030061
194841858
16886041
421633869
663217041
673006855
97543981
298687362
83088899
28240189
211815316
69890968
17241672
700157953
349866310
146916538
533975237
17043713
179261692
33013620
154671767
78376777
47594138
39352049
452875101
204204163
549640036
216866311
629087346
936662449
212145788
29804485
62364089
72706684
128171770
36345739
178802660
139109301
32487710
47351854
212581967
112796611
105547903
348331167
84072553
230065543
173225443
109362287
160098765
149447688
91606127
99684891
219193947
252453143
39890960
425310927
373314716
6514437
385964458
505839384
425365028
359184272
118403581
350238511
752407
242285669
52830016
37719930
271385808
446610935
109948667
186855123
100095813
115668977
22035198
98450791
510204795
37964733
44499991
106404282
348145080
13292187
383167361
283039652
42767884
609883450
17612617
185052505
216609181
332831323
778710530
129120457
70182894
163432077
447902783
74432991
432995215
42993343
264395188
289580683
261052451
137204013
77563223
276244611
674880013
366256291
675988873
18737019
10786703
13467503
64367911
2314426
378832985
491005812
179566465
111192545
91309
1135071
258566289
335317433
356126249
566693565
943640397
561167
538260571
116716402
34651457
946121471
98907276
23741804
7439041
14708509
171123879
238371474
5110681
30376009
21901388
78183574
281330161
351173847
78723726
113334521
104706587
121078545
258639531
93965585
487165351
665103748
32572067
130856121
385553395
52917501
206493
317025859
654022953
115371131
576817410
549130541
160018180
816338959
134685641
31256899
86184545
354541639
359637392
99502245
293027941
13240644
19736333
211449095
55523313
232927069
113711017
66871681
340740611
251553727
250848991
415182245
192290033
654419497
399376222
594093571
58891507
90988186
355384324
436683071
547512503
11702055
468567902
389217033
93145993
249592849
91857864
31190123
18119446
409704851
303052894
75498964
75897277
290472081
417730937
208797277
285235939
189049992
109853221
422835769
78327487
338517389
858534174
109902249
711006
700812487
315828160
483228714
424255847
235117039
107881699
687822273
130836918
809211282
71980401
218160958
119678821
208746157
185131287
26464171
443345824
438863760
903557723
131041941
541017856
246976213
19187911
737376172
689478532
257820565
12661535
328957077
405168161
119823779
43523092
607631136
330543151
117824195
8445993
526505684
405730475
185197439
172244392
449405215
620785915
5721496
420371011
182544181
207323926
529060681
467286430
67601941
12912498
320106606
309453041
24620401
425295235
460575778
506629241
84096568
339493459
20822032
178245193
766529564
117456021
164596611
5604802
5394338
200615747
677030751
90821037
789169665
712475730
528191208
637306225
18321715
351382398
267371374
92955097
394602169
72300118
460827981
214161172
42706574
119410201
200084488
126023789
908181
256859793
130977148
610924453
454875329
443692705
155631039
19546687
483938677
85129093
60371252
74532824
530057406
550596092
390244439
110134342
501730170
380305770
14438085
125367512
198549881
124746242
35183025
577326751
110529913
36679015
306014346
146437591
144699853
201604452
238792940
111022666
99487880
185736340
8433423
59731324
46582463
231586135
191406689
264421503
684675724
268355311
93783061
88076552
54337618
101701771
55087906
462783617
82478905
402378092
543713672
781670725
296690272
9592369
21041625
205802543
363623107
32134783
24691067
245176591
95092341
104094044
30716358
370041744
194271479
37278998
24427885
164799028
42243210
105232633
30166
298478931
704167473
139558577
52989121
57929701
49490531
368034741
5853953
309009104
491677598
248803865
231059375
695068893
409628257
91962596
19124123
84843451
449090643
60457276
13366150
167178697
10479563
124857721
432865
92602061
42317406
38326252
72145750
142448530
641911836
83268365
531705521
441438808
663711635
481624194
187156614
388115566
702564521
34323784
23749606
621106314
225313657
200553906
311801643
58022411
291177125
102944929
15092641
115643923
256862737
106741492
384377071
347957084
222215736
3393360
182548255
703893613
55076158
371654681
330602895
422786329
473726788
257996761
99054520
72930843
23601831
91251133
134692363
240039843
308279947
434028242
612502503
604689173
78459113
106667793
641254414
295457968
440027348
437014208
667230385
194808914
598858963
191966520
302180729
780442539
776356088
396901142
173942197
111325436
626687441
68309976
216957709
462921955
122050124
92761161
310938322
49725518
238279387
597881903
85609697
62435330
130337253
409203290
255637537
153463337
180129841
429220762
26503553
694867443
121964800
83790833
335138150
61429864
30083205
100361797
496180510
34441684
162088315
28260830
123165064
314937133
36560441
609918394
190726432
432271767
16709177
437205447
159525521
90192637
74539965
326692212
7897114
3749051
7783367
361403052
216003754
331601980
564698993
139033073
21913354
324129641
518047105
352266876
675029888
35783600
130794219
851669815
465799582
15329634
306999142
259213789
352229735
422445869
468531275
15135137
307597373
279054954
778996714
11178100
70615326
730174851
294141932
125481599
229759793
457091610
724905766
281696941
18841338
26147430
17992174
296979533
246521451
517627365
17235995
330954526
8491292
53153251
23240877
176376145
534802855
217119678
173748865
144120999
474418880
100989269
377215678
625637152
50092421
154205452
27747252
39613139
390009451
85226604
245460467
567854937
279227555
425701165
31946795
210631726
247644948
153545389
401690745
216189213
25689796
490641979
447460067
69436681
293235905
139761027
47641921
154052738
718911124
286659763
383535629
2529569
159880960
126549918
13604091
229932029
115522114
297145317
92221438
53825035
100592588
342096767
203052449
857349749
164925196
202797801
76297
570046508
122964424
414071866
522423920
588259
5562660
158586257
541087264
219152828
26816008
124440385
110264849
292082098
732081628
11030420
365107744
619724738
267683909
514833943
498242100
524650646
252181675
188625918
65930491
54579348
350877063
73126721
55786321
134807734
103486681
638942287
579409416
157581533
24770276
385529325
209715741
120729517
107323277
467889824
351289500
261882729
6206346
33484320
1175047
102676453
527182699
113708683
447015395
607486606
146965591
268320812
113417351
543269949
315793486
280196833
25424801
281709231
202285834
663570631
3285716
202425728
236105597
735933051
461745544
346056889
626188829
56574790
171563725
579738754
31415948
27337031
943463
3665878
449230785
609193474
392596215
74152934
50463166
2424011
436117443
397858129
437914213
828476630
157003542
8871188
197887027
128189601
296741507
110451073
213426757
224621577
220698365
355911363
191970164
157630291
701766649
261753042
310629067
701456568
685944016
891481456
61821828
277565856
32908540
252444475
58154161
164190289
135515961
188297407
739358560
125089401
296060435
735318548
5334816
77998169
718126982
472979365
120178561
244636949
42667953
606697522
439307831
248864319
93209221
154854844
197005997
581745
287078752
10096435
80994140
124952376
38190276
11371970
103274039
731755984
282249745
14548006
232040261
423387511
5255329
87223124
206684187
191080927
264875347
388465371
96816262
96809064
176657047
526332068
628179023
21400596
700228733
623008171
131408641
354376553
20956037
12953255
261343028
19263176
2925760
739369022
311315068
223872167
54172717
163485553
6154700
272976211
529214129
32911323
602165362
657532
366772232
5411785
345428584
530300647
53584956
43702190
306014296
67130077
301899974
605416339
188160217
391090930
2359045
826724201
83511043
210522775
116248403
77225799
255533076
515423723
453236664
18076190
445397305
372803945
311893516
307809319
14545615
267514480
739533538
179359160
164386639
16306261
88252417
202185210
452183147
105511510
117652642
574317937
98177663
312620551
177681130
28497611
294127981
69644707
123774983
127097697
435475789
32882239
48372089
485291012
299485655
164098144
766907132
127951191
17480684
41265011
642930758
902891216
426440044
789561795
345212478
381536494
12616902
513243707
209832445
121219145
162477921
60748733
139055727
282813470
406879264
281125885
394333361
429864140
256600749
831851718
23171460
254092684
2831913
165929061
250987447
3241793
135911295
6263167
522912951
25754654
172042757
26948866
246665481
2483904
109265505
265808401
31595317
165219367
186666812
345532180
401310711
35955480
28687193
117034529
84528896
85512309
331738787
370700825
654064108
495809161
169454782
82636591
364828156
664657526
450630026
664010481
95457275
111895038
78061445
59068757
208663484
91765697
8197892
433149695
78253056
171298931
446830755
489152390
91140001
14770192
62754487
735834629
401714284
257834327
299635243
137420011
40186285
400562294
580547452
51914606
619804011
302810078
308489138
250823178
147104622
59576726
36839359
880930794
161878379
160938351
90066901
266445557
700562835
501673524
14658886
122820119
178025985
137673889
103601502
220376709
33420289
204281737
2272072
280843240
602213278
354944817
498519447
117098928
442915927
287835412
345926045
471684967
315309467
8936484
316968505
258406849
725805974
523466252
749760572
480178581
13493546
172758910
293778982
136344493
126618216
754279537
282796493
26395046
388136635
40441431
307641843
35280935
208665697
168696802
882499455
203915623
205228167
181079002
328096789
168214456
616648635
197920033
779638003
116647583
533218241
233757371
276059906
65107460
517426911
282102753
132086
339949783
6875841
181150285
186865713
671704976
576627139
526416227
108252341
201707887
3214221
91380049
127460655
471282176
121772737
305357458
325707481
51582959
49658758
81699516
322665361
108697491
191797417
271931999
717892159
15347820
171066552
748305109
918847253
136242544
299343361
241815345
173049995
120500185
3777423
641260680
54717286
389388155
230692582
716540
190637840
379078384
75322543
1402753
65669566
28496947
54714887
677492593
39098448
35244257
67253669
184062703
67518256
188425013
3926980
6503581
869557751
150072253
27761098
276769901
200323299
207296413
55893657
168136665
251296559
414002899
49804806
134238855
182616278
113931409
284596713
267579859
143007459
456055561
13524589
34940911
164316935
282490951
447163977
121725823
237490033
1270190
40198309
609423717
37777106
758737694
411852169
293650011
425287922
82300470
99818936
3913586
7740418
386891377
811319845
397602265
425276498
482865710
330117221
381796193
270356553
911780914
363920809
658131305
4220723
110842886
715236458
294384033
54919351
206654790
189422760
489241113
157674801
25816681
17154251
174111745
49494587
9041407
66815031
6671275
40595889
20330263
259326090
16455745
20126136
433350402
124777764
152530647
280501075
83091823
20505154
42542037
263111561
54044358
366776740
179088828
15895724
471121902
401597916
107817918
30402416
3280131
102693082
315902852
857399873
916349727
48448546
97853821
227579453
134682521
246375224
642804971
332001379
103669201
9442231
188282773
43586169
364799177
592922313
16961989
397281785
209575486
213747058
144557689
139845402
303661511
177388132
607942644
410179479
19052688
41277103
94707857
22078428
91239471
723760067
161632023
339470177
746383222
55606581
313689427
446430505
330357028
91089211
76905868
140438962
195692504
11748391
289252300
406119234
332873364
44730694
565741063
748864546
94292657
391429676
825972293
109637941
576321187
78818223
10262779
52047103
164608648
87955891
167939137
469808859
979977899
324883669
327055340
299794606
58650064
2665589
26422046
93789835
28386170
165843644
637176289
376019317
130429441
248214426
598428956
620641800
379203603
23761385
128229478
544107301
63774487
405890318
30206821
575812583
7638079
251151779
9339469
32284916
586060376
112093687
19327552
174400207
239836731
730495915
647996398
2709393
448416257
603290775
447432287
679165641
259519870
64089981
269676756
275277542
58281513
203644450
552689193
359033482
2116353
162542523
91319768
179625283
803458807
394953119
233483475
144723713
109227906
23628316
205554889
46813263
63607857
343539766
208077481
306733548
378161809
39268416
391463083
6770903
209127031
721417924
142474237
510192389
453902127
5431306
42450608
161887740
574228643
531151963
72262240
105897887
260671711
584116006
677474623
348973229
61412225
150339793
33399085
55819025
266751445
306102751
13616635
277546526
26709456
117794890
36005815
38868745
434849663
116657673
517213566
407984350
69422333
58548106
69973581
250932265
671299499
132620599
247362977
67222775
246916001
633333105
65709679
462560557
342735756
755320543
681130016
5193217
319999303
34416331
226760496
74766775
317213552
104905406
320867887
656127563
657536911
94742536
277592220
358642494
15984021
34970917
18982777
113412348
74337525
134390617
604117806
344811531
7912976
77178757
82307140
89576749
170364284
695115973
70255187
151125959
6318508
52416363
474600907
140091700
9089847
388591756
33210696
364552941
84780117
553474153
204728201
77458793
621372156
139342137
220346358
426472149
61450501
10511724
188726941
247173751
617092392
87193142
371290677
133498861
676164217
71909509
36080092
712464951
34332391
130352623
57224334
107883801
726323239
72178122
2765757
137099879
56599225
245011851
11210261
554025979
324815113
64494649
269724289
139989595
111202977
3038703
64903954
115797319
835738731
33219491
85758653
541868646
76803541
257722950
99925760
679322774
768506885
243247074
91975603
205948171
575222519
179544041
350554341
476149981
480874783
323776916
12919639
8883925
120543555
110792530
529077048
68898153
19625008
65866405
254852579
269088977
632929375
381150712
185623041
453796756
83756145
586352734
90717493
170289993
21074559
2330807
327621691
1321920
369007133
180731227
933771
477219326
305500903
253000387
164554161
27966842
29478586
104940325
431678995
520799371
373578664
228904880
307744119
194148549
238423904
140821543
777048842
396296812
203234490
57912065
135613915
79491278
149052837
52265266
695687141
48832937
176693889
56715571
373108603
61123681
261355467
18263517
100484291
15085017
155558862
194434717
614245429
462008241
383835853
187879792
519426889
772922695
555600476
60528437
55094443
88078688
230721843
340203
465630670
550866158
104479188
559946682
90286810
488493749
325123087
15693967
640733
33774619
130295705
646447274
280969133
175435006
326126986
66269030
431107873
196540702
93873081
223038791
212673215
6377229
474109610
613175044
135336548
245372126
65103189
664347262
336271415
207528868
318031575
873594238
195083546
195542056
160074433
111934710
170406017
566292449
66445978
194234773
657717813
24495136
38155818
188559493
74732993
165008283
287887111
237604480
319190626
557064887
145016648
1800821
77376448
514440177
57013309
148476246
137414441
535231412
55935207
268588097
68901435
438826726
882910166
104899631
36212578
111904702
358032631
818545533
35562148
327525739
262794382
150937441
601358284
227804900
585605512
87521113
230114281
580761967
173980724
791797969
93378361
221440
2461593
546962721
29661094
383200007
715227193
18067069
67798756
827293591
167727589
317287185
184223502
126699280
104643273
11328738
162529315
142070296
346694437
271645282
189846679
89514573
661867739
158348226
339408596
14087341
138479559
693551000
94932175
318651621
331043895
719072098
116022448
531384336
234264911
235447531
130483
469515340
123029491
307768601
421721049
79759377
101568760
887104170
812365263
39925504
526379754
812188040
15686644
83294905
67926501
42566203
472343674
95528598
672487049
289604740
429945577
259683288
172036198
41998700
34964653
74847490
170833648
582830505
291889012
26094954
299209789
30502053
142253483
263876977
248669233
617702139
8720065
94771281
183198580
95018911
608757793
137452609
264030189
145201
79956465
3757367
470676791
372073224
6658477
49275349
120618956
10112821
199928205
37574827
38788345
117539496
533340032
472678609
501354617
225392434
214584812
466940558
298229961
31966106
161415295
191450660
173978654
559675346
96025798
97979383
401987300
157246513
367469349
915788243
271078984
710857232
557984017
52104963
58813390
104920873
194591323
116534053
503290376
179548945
109760176
273713467
251697992
9274856
323586133
424446536
35501095
329526331
95260082
230531084
44296023
53368006
75327885
562038751
789866
120586771
22942153
25261739
333073417
409335830
475559115
489619589
67166184
409578199
561588101
113104741
1184653
221099761
302458759
354349333
462817757
20393909
227643762
109969204
188375260
11604964
128111911
77897665
771496415
84520064
341971296
226532161
109203139
19827835
421789573
148019358
156553391
258932422
97301413
108575759
2598931
748904591
256007033
94151214
547688161
255968462
261333366
110411946
24903766
79660366
120052982
396718413
492015812
77062412
424070433
5665001
147652979
22451986
102639657
365311563
109767321
208923016
511815190
149271769
226100420
224875656
134345347
83821195
547690845
44601153
260333551
130406474
361932315
30686749
15725855
66539579
341094993
324961137
305023903
255615537
10119334
37153439
77246053
225165986
132702505
233355220
219615436
320743222
226560831
648523728
162783201
571081035
29614636
22719227
57027102
215739701
334713615
129215293
12186565
311331450
301405042
402463751
62302636
288368943
24863977
21271293
676320121
181193325
283195234
297512475
518562232
506120101
491774597
124492415
42198720
11988038
486296942
436926983
425057089
11320771
842332079
124150352
60900821
240772468
307657419
44920089
42370369
678673446
4698069
4276931
22812923
176755552
191008821
387418987
197111223
654231626
123667110
318471342
148515317
163576750
145700694
788666350
84906807
25424191
142288013
249738961
190286285
212130377
163532854
64116028
73161243
138887716
356840921
101040888
382864873
99088179
32691393
678326631
154675753
220303084
418476809
4260142
418894757
325898713
488239854
30639192
289250200
195328513
395895922
46019989
379113400
112852078
861515357
98254771
519732758
138536221
265302804
41623464
47237514
292588232
176569450
276178159
56342393
74117029
118135286
351055071
243711007
215778089
109958916
254988539
45202697
26302378
209283939
91789590
357752323
445878511
150172867
441422609
295939683
538567093
2342941
151999477
540812894
201178378
480408889
304224833
119445590
176464735
515360264
167955113
1653466
96789733
188530337
66124327
494432847
782871107
45150854
205707309
319774539
34590557
657448176
328780879
177256821
132135955
205103527
216074222
162028816
199182205
2610995
651046609
52408034
467806283
16253399
95763515
1051961
105712980
440418526
331366968
16955146
267049753
250206870
13791937
10705069
109784613
290000173
98618577
57124052
74398586
32533831
241449722
134874757
291087909
442394865
211566271
19041378
296431331
3525025
127433735
81758030
152314530
12191405
267897998
92319386
757757693
745175693
314338651
258123441
9346975
297062917
809909489
115480592
354732445
316210993
34060697
680734847
556893409
209987
20311305
260072328
99000246
541513925
708073318
137265419
253334424
42982647
477019451
709214131
359889347
4788221
120076199
379482430
25080014
349875494
151800875
600298931
35696856
397202177
194158990
36376181
1925281
149750800
363347479
265201335
54240905
42194703
26267248
73417224
90931303
95285027
27915640
239187054
16223721
743344422
86531971
172188676
63249726
526459673
894725558
433580474
281931596
48811705
110310563
150215918
8470903
29255659
316573609
250528186
224142902
575728492
426833527
584831395
7414226
87687447
129418705
483620721
195614008
348754910
70264976
440484829
31584023
13541760
240351458
11868858
15176347
72223295
575670086
559634727
274206486
2986386
339043285
154538936
198341285
124294129
839087992
417338956
69172205
404173361
705999229
19364589
269989185
38663821
287976826
392873452
615067639
804719283
270661058
198344874
2220332
365709633
574567089
75774378
13932718
132785921
90301631
683810462
436445299
9357493
232361375
640591824
141477586
184089547
267541138
724337371
242527735
496080407
234299809
114595324
435791576
476768076
886279785
87784016
274744408
254999741
142642078
151695713
121120083
147031808
442361962
18914475
19493928
117325163
352727748
217571368
58649813
88561363
443028131
287564376
443949672
191300226
409835813
294013813
537528566
844258178
685653665
107372708
40638403
510418227
549657305
124088349
70755849
153752914
169547496
100348365
328995369
13256329
196785961
341433957
149154028
331517511
192333841
134601028
406306356
90982432
113203867
75562009
160878124
67355941
158712779
135979948
758507221
91570822
216830726
122835229
261629861
119987875
228504882
674743805
23604801
431085499
236823904
31989871
110965584
122620456
601948722
298756527
97871073
322841900
12650088
612227804
226093348
197356125
502634431
91375730
141042976
137542866
566815475
213853881
656796923
377467521
301981870
103947154
296518906
681894283
224838035
77796641
106791619
270318973
597086503
2910316
217018521
123419880
304478903
169100269
182917473
686896126
12416480
180203576
689668072
74720789
510746971
34124880
42692015
189505261
61706716
139178939
329926993
149359951
24940531
46387476
534829669
260981937
39601
41473630
216818072
1268161
144093086
365672775
4774720
78000927
46344007
173155087
700318621
266495896
489816812
213500981
180934678
405869876
338307617
20602981
475899075
21803406
352686175
299694267
281700184
270235436
27727484
428685644
32197406
6922805
573533977
13743926
184813235
57310681
302674723
424166
85017957
430322061
811342111
663569818
389850304
614788200
403463408
100270193
108189798
102818821
322136281
317167001
450075
472507892
294828497
105694241
56483477
72325861
100699883
117351249
265604103
226279987
509311998
219802326
86538208
412472260
81913947
710278293
23382969
69821904
158742019
427007198
278881257
93949892
146479490
9286871
528371366
147357820
4261411
84877553
86648132
645900788
454087141
308939826
33075217
197699968
492091612
222058215
48340857
18637963
517190093
146965122
59935877
290690987
93829204
19293019
55345369
50342447
33006803
193684696
854099828
279816547
74272340
19473457
37985588
169105754
85296802
358966201
779454331
12687394
306047019
723835769
62653917
732854875
26768575
178513163
482137205
99523630
468685505
877392917
152928054
124163041
78486554
29178670
27722982
11002117
405893956
183019215
5073914
16630351
369303551
454951766
610615065
222460993
29678951
318817951
441488
230287089
930996714
373284670
74276971
254642257
499290793
400441003
157437387
334514881
722148922
341372870
67588606
204274396
1767780
39016831
149670884
756937204
150955136
73516402
1353740
181762543
149040794
18917966
208455747
41555134
402035909
89457797
182047512
223517594
577228961
518719457
327439464
66883322
3934501
571152437
181356981
62935523
92197281
164669080
105544066
599495719
422176217
77578064
158366156
24758673
16322458
51207461
236218983
306211045
534959481
27497726
45302630
863658247
24236941
325830135
690317272
22380612
40905451
207507843
27968387
636060
128527491
504291145
20394142
566062264
77496191
310879486
103962329
942360705
162834140
722234821
196907079
433352883
38400367
484270302
151812721
75053467
9571973
107892311
270714821
64259201
176301506
42898505
698306887
474111784
761741177
24018069
248529167
163998817
126643072
117617324
635901136
772448594
513065975
100061061
836334903
747078085
264925921
80204745
587784775
286959569
6646149
534546216
408498607
5029831
10393678
36004125
697256626
348809134
9455449
320777031
208227663
122240572
54920699
140002071
895992572
1493833
4706980
102467074
462266080
35323032
378992699
198053360
666887521
520673249
133140958
109839801
792137341
300774892
31951168
126968897
49309852
449619485
178387343
32015762
495756811
228883843
901854
210140329
133974089
665713001
607688441
12677661
607837321
120958588
338374300
272080564
453316925
10594137
13558006
28272918
124848691
632115433
381297075
135878272
465172064
250698396
577606816
304307758
5596944
344242846
132866483
56501575
55685421
9832976
61460111
270498192
147470601
71539271
2072013
13290583
479999283
358357289
134178022
67355201
130437273
321465945
92318406
398550788
75132531
851882329
152045233
473310221
134071876
159915159
141159031
458263555
69428274
4991694
10574136
109776407
241391185
461909870
86689639
8591767
364769065
708986369
27036745
5853967
69928973
3908101
23329222
65495803
99926158
78548639
323479365
163104487
537623785
139715637
500401755
52407031
326384525
474270981
360372161
103966359
86322504
164961295
513632865
36060501
193894827
564881
95412732
128042636
615981250
726603719
113550824
467507153
1604693
432321169
68713480
714863233
588350865
156322534
345364664
154140365
16628879
77612213
222028251
51239737
299680893
173725651
446533787
87441197
87158721
154728045
505016829
30339861
646314360
679475992
436034079
103771070
45274717
214680061
207125499
30030396
214596923
377978424
757240731
135991707
64215727
16344475
419260135
268230898
172165739
43260787
380740879
102432405
694572482
175485948
593678526
73965681
459392911
27502761
8270329
3473228
420567466
260298277
279135001
269549631
406653247
165701452
160143327
331660160
154131127
142916228
286384162
101074583
685279301
243332233
157867289
121760510
75654111
81277761
33261921
493713296
152388859
242105579
132606134
141239841
10179120
43039663
12014029
467919741
719991948
81023012
70662443
376207285
615857233
188152147
174342863
98387275
429836957
320855878
134927068
66148286
23764859
537681266
722804
278515141
350664199
19471275
44342937
79508376
62634109
393588831
258626569
863885395
116190911
644997582
470115470
246382846
578175337
461600543
24380600
384956464
441988732
471668936
204724732
444901270
64184699
39841806
735644705
553338200
28503846
31790849
149034277
75644897
249619231
5955250
82024524
547254958
50518220
50662522
296041445
63643432
19909282
21060122
57239164
229785985
308367042
37226955
322626621
511067282
162230352
354045706
109291067
532793773
318985906
354310321
20665745
42282297
209048268
254684011
235681661
386920301
350871527
15006209
439113589
4678489
4812131
382534461
388237093
220319914
100146645
262621098
148076564
245288056
458899521
83221339
195687523
46992119
41382939
2969803
194583533
246042515
460664699
447492934
580873399
4849421
568540642
11573739
452541475
430431973
318259702
139210471
209239023
269226545
21561524
556570690
72503042
241018
256186691
96662134
480015495
69284898
265181291
66148498
71493571
5541594
109747611
322589313
384696687
12242826
1648874
747787701
672711661
621455813
87684144
352202429
53442558
77062836
3605301
258331323
172375924
305299320
331699739
75975379
688421972
11819061
779881925
301585071
31070125
542170849
654835150
426593549
143567141
78214472
159983300
287618836
38467811
386123815
32667615
35745200
267167945
276907450
488743845
11179847
247076835
102844442
838051316
314421304
165565295
87308486
385714740
402674593
131930280
202037280
157930677
281393089
36041745
238360403
65042836
358769412
2617333
171733366
187154434
75639207
34073832
86300097
772234193
441943321
285253807
126414645
38801344
314994859
226136753
470376681
42970401
336034761
7212549
385625469
3806233
367236419
111258701
89652418
50666087
111708065
280531111
10843553
143147381
217771249
145912013
112741027
135125407
440347511
60974368
295379455
85245937
148240551
203285009
139334195
23218471
515627963
10674382
409893816
20842087
327423503
187992078
115651325
392361
57116473
12565497
331183877
705039009
405470746
432004977
96088255
495310511
186506941
44856579
41956768
401691181
392755321
306445232
70083275
293123126
17522361
23711839
32699971
66137189
315001861
195808233
36045689
141300820
644562749
381534387
21745
248287021
180984657
12895648
816240244
409229558
44043401
321702879
96413356
154576037
418548140
114104444
81061611
300298254
484331538
531570301
797447764
40533754
755474286
547719022
100506729
691458441
49593401
13627155
182299060
206603038
109828671
493445940
9324093
67541455
263085934
188308405
5687457
4517679
427240457
479755326
36414225
275966660
48469954
46890503
523749097
620125011
28151551
70357287
248295996
612601709
520069770
39982789
107962103
209269366
778472938
325553538
516178438
293233247
492401164
37248409
69454139
68755119
74558545
9799487
528660367
39676081
10099218
385199428
203767351
46894217
235610048
515020563
885532824
215413854
147751696
180207692
117513881
420917517
87122583
85145875
237516705
339145796
344333817
727802146
598242433
308807701
689699641
280134741
62442149
380924427
138488895
103118268
13693922
84644523
33143464
6539289
99564471
62259811
17480013
5283638
33862011
59813237
109037404
137485543
530179381
69382134
5945101
17864341
318694613
862456433
59507323
489020918
701914490
607344679
2103547
92876543
6672745
194731570
519396616
539199404
5653226
24819023
579227167
202533816
26015551
104720068
534554018
356339866
89622906
146212808
304019690
358484299
598796090
262155738
206146830
466750241
112588361
897261967
219253847
66304696
209553655
29728255
497759661
5878871
193545613
692844209
145310839
85822782
55917100
72869840
187664947
232017697
391229446
68721904
2995395
204587263
236783408
46661158
175447223
397835780
546072956
50015615
199300440
385443473
43255346
249411651
26459995
742274446
13267496
30592647
63489441
252753499
615496068
25813479
430145779
91990099
245523628
22858725
496101634
88491570
50838331
339413371
392231362
182886570
303087339
163647056
429156546
105442750
310880843
468085554
101473188
135885667
198694325
326755643
646568834
15756109
594498646
70790732
121866040
17043827
159728426
4742499
224030848
39223770
3373421
681538228
161440215
388003785
30409225
257859889
673002466
334541376
72701252
118664351
151415721
236226211
343560017
77247133
54185815
212057884
174833519
294795545
439462273
1924737
1758079
64085825
643386121
585884968
391195795
488758499
244023201
150783355
396230853
132081481
204881381
396737595
109394971
510528331
231625867
317513385
138493346
170400154
412764232
194772997
128211843
139680958
55706173
17831377
427103809
327227357
453315141
187888093
58931965
614322825
163649033
374531542
103198936
42773218
54099919
209939905
203526785
9820452
340034117
226418824
87293145
356248493
670229883
151369967
556908789
180446271
118181845
47483617
17479506
406192125
279496036
320684
901360963
799613917
147838424
80819890
126361540
47182363
2869828
764406273
105204493
283718809
345027241
301078950
98350291
118330217
155160206
7089781
532930584
48679049
350724
377797981
228502345
50944096
331831184
18918262
348316657
70910533
352016926
168937561
41226376
239102636
505007481
163390603
205703677
575172334
500174396
213512659
322076085
168388708
10198549
340377104
204265927
687734872
135159544
78064047
386693357
342528236
540357289
34818557
44277272
59497632
17103591
230024375
744665455
338609068
251943514
479985350
272234315
106525551
373145769
152247048
348934550
75937371
111144380
550039334
255171463
693724192
401457850
345116746
342788753
102628835
33168163
560391777
203397272
46014903
107472562
291861808
136920746
162522541
21095607
266347121
184420676
7967881
277201411
871087137
86326147
415638618
90626828
4378193
70457641
231442696
393284225
586904461
137272463
218098211
180613675
41743229
848727566
155654263
34029039
120007780
123284665
156456049
69771710
119634922
595152505
575583703
7300437
293673348
121995179
65481326
88737658
138787167
319452401
15668860
469045847
557933364
202531223
83416547
653836133
654905779
270102739
342115963
37887392
176408720
149942458
601645993
133619995
561440106
666116155
212242108
194714376
76995465
158744396
107207631
55262579
63232491
73111366
101487846
387778249
268578101
11942185
172904317
292220655
155293092
112813037
249282316
20170909
568860007
6110353
113498339
8416863
679216126
145820320
176084380
93606781
180617879
406031447
321322248
31466913
206478466
254940923
93224699
357090928
191340943
56311163
399144017
36165467
31734020
57317635
130839073
475453234
86925439
116078581
712952693
125403583
55608922
72007322
225672145
515828535
325338958
109631260
111798580
274813943
64778074
638878501
730083664
48116901
364105457
792349093
76612967
144513439
625723573
27026137
456749937
97432866
322115671
11384627
22365097
287124615
83054176
139735539
412274200
416185649
396441379
283999377
785513355
496162446
61083513
318242427
715761749
21695062
17609553
329752877
228290641
34387594
366434441
196935889
238244892
108025681
1858216
504934889
391597299
24539776
598758800
442239
236858757
605419541
25301849
414777063
152411429
6410071
113643108
307238080
247319307
368469914
911853001
155807360
207376107
491423626
482493309
254372028
98601352
686341111
291547791
320905306
297473673
98485481
97428309
188802317
374796935
34373761
86423863
160616641
39993157
619192531
25244257
403356141
141045429
22365439
339473716
751903166
176148387
341853507
750087421
46639387
174988297
20299129
228705507
110324728
916382652
29560779
320822943
23879753
121448257
400657895
29582851
569327585
649800880
187048577
834630766
212107995
371663007
61632330
8765947
205307637
189752121
23876818
202458651
165184909
280654849
538453633
157467786
94141581
9214752
340187868
27451000
145499041
602366437
857290175
519874535
76843365
680655225
70295566
71081821
640100759
86521716
1213825
483985835
95125516
236430273
456707744
69098467
249690799
87588961
307711818
500276639
95955978
19429213
241540385
548052948
6570085
300297854
30575787
569281369
32673521
658336442
98862529
11789552
407323060
30611611
206510272
5620609
541946843
57705881
170206050
142930921
124428501
12053698
490919773
1800832
192839629
455151769
68978692
13167571
275388323
105918355
14856409
242153127
358195309
228544451
128752471
220362457
617582790
102082288
61399456
272870471
103407971
7522098
8502853
20983765
40063510
27502072
646914906
93354309
110950316
43339846
583977298
370618555
203288331
4185241
179994367
384926265
195927794
238565201
339360580
255739511
20713314
93264270
671641843
57617366
310168477
45590524
525268541
147627460
105755696
227403925
2833462
29211161
633009434
450393557
215406722
246144528
3362497
320712297
142385265
110616682
337315165
158030936
91529629
250920286
602893199
148027794
290397067
513445148
262342737
147006770
406194887
136403467
608641657
60031991
18491740
17642140
933341229
52898908
389730745
11409383
65984200
234536976
493131273
232042020
262827484
514340497
84999898
20866508
333127690
552208948
526809259
731780537
143874187
121908417
70195210
507464143
203891327
767334739
196348853
192362962
131981843
478910991
636178336
63412631
361759657
196359175
122791537
374010331
281397505
150328261
236766277
431943414
124276574
59160673
426251388
24454818
826694769
597878091
23505479
346450241
478186513
659439339
631776529
142150839
507898311
71646073
244880497
11845193
104255296
265393529
36706247
350962431
566892526
700240711
313584683
929675101
412394987
92293034
59001190
280963971
281877016
4612364
259161601
636143626
4931762
397228147
458344106
29151895
59307022
562285569
786898197
128208448
335036853
71449401
51288185
114934919
171239881
598109
314764471
746444176
62753951
427250465
186474052
62813138
35252558
775290816
97565830
313569085
18029359
755364036
27485227
413481638
353343815
32875777
332269198
113592221
80851250
189840526
116780941
319140949
706919929
432145440
363260656
552136574
31855730
538217581
24868992
409185559
29200940
330479462
178415730
592334
269242636
460926236
139892965
368698109
46609220
73347420
87707330
77909693
49449260
249615961
803763084
842057063
28593261
527943665
2544898
210546131
242588318
16344092
31278484
1267915
57482563
224289277
22417919
73972889
160335785
15424511
426547061
521684159
127296347
179454397
36068687
187803888
382578722
311206494
866156809
174846764
98814935
135232049
75179269
655182537
472413963
101973403
216870872
341061291
188139241
353166475
138646048
251501885
336565126
308735521
13611742
84674992
558090047
308691556
186473291
76233525
88321391
487491213
49156141
51759733
84812311
134836810
245907080
14200696
44582534
307192473
96385792
229134736
434720717
85397476
192098271
49995335
102437889
206394459
242627881
163276618
203148653
378622882
73950093
100595398
54823146
275294558
50874530
178876036
558816157
69040579
515321842
36462055
20066764
833696865
437710941
265778618
7775707
13660691
90911544
554313371
15245659
68065279
17878810
86995793
442985435
4424509
178663044
146044753
367786861
258933991
617205418
123418717
222598641
89286718
222466209
639500926
230820224
104734206
9738880
178563528
75767722
1896926
685240552
19729040
23032767
218470705
179662241
11332511
191729917
667761601
558636055
110392581
284378605
56710726
14731211
133009699
14375419
12184381
125820841
119175
393250384
162583
4648437
370382816
407642283
212907729
16850314
552260606
885327379
31519598
197965661
343901809
39806995
142057781
218774866
394602657
485588933
47392639
900063151
4032660
56183636
425298945
604419542
246883979
21646565
545607772
275969184
86506099
124511876
571672109
12785017
471147211
180066146
118070350
116401427
29213803
8403130
533660047
163454813
108971999
28909632
242617369
263810803
215698807
72052398
281293167
52902019
17585871
78605049
682198481
11026625
278074431
98176599
202882982
115228266
442287687
10384153
686434115
194046851
20952919
114955221
314214193
11422319
177639747
121058477
626735653
284705582
416838426
278629402
354377433
283561402
113841301
119735206
207608374
131502539
598233865
153634277
46016857
67110306
139245638
18177667
132145642
70059991
2786114
302195037
324587377
114926961
640410737
279010644
34316099
276022766
875892406
72276553
366019655
41211585
117221617
64422425
792221011
78358009
705919715
119634772
228679844
606650078
739527649
510095035
174972797
41470849
26065863
282487058
34517486
167660362
491475550
71624972
341247130
218162060
206640303
416441997
95254195
258783438
15171369
495596614
3327970
8228096
147326089
21422157
329552343
62803084
395593114
93725804
36817453
49552226
121280303
445225601
185632435
10544687
46677713
108230856
66928085
278619427
235735508
241346901
273369682
96509019
205215161
343070773
438761906
22834441
18068548
295999607
633992037
117142376
268330611
256863471
354576458
417249512
355452304
805265815
376323619
1444158
143713315
12387649
31336360
256695487
135141523
141953855
26055605
34975711
746751031
775601764
15709765
789412335
67343285
30079076
42802741
210149901
522337256
63224027
7336525
180727251
214478163
438792995
65688881
176397027
118673119
268221639
99128129
662733853
288629337
395952929
120390002
728670382
648584400
546297629
586539959
135116272
319153517
184208128
642063127
25461094
42586039
42991486
547663161
5775628
561505399
143174205
174494941
75507817
661486195
93770482
221315341
304666172
550390752
64148028
118154257
72286907
502333469
256844767
405412505
163750810
24883761
23416991
515660369
460049904
390701345
57699181
282944445
19986357
43432546
167043438
33290298
408038029
24651259
587313456
11589069
102908031
221162929
136641235
32335373
729849091
65634621
32427208
241160647
291559011
301830659
291745630
30589403
52536349
473826809
107226826
507445401
52469665
60924870
177828176
264046476
207564406
396070741
850447103
333492859
128745865
323255558
148628691
13354474
283406231
8553567
591652538
69604949
601174057
712303456
125585960
153379221
370243549
669180759
479860201
22360935
799266208
145929361
272501886
292458256
344102701
388592933
74328021
111202766
6819589
18357537
327612416
115702418
347929097
560526346
872283801
470296585
17383141
94272301
31679611
215575595
238357135
387872571
117375066
180780161
25903981
205069291
20453447
193910090
87815259
575373191
256056615
231981145
253066423
273147901
4546881
87637495
2603579
251298995
2417184
104988414
182522612
188162677
25100616
549559546
271987171
63341013
657105889
79312811
340089302
488945693
439914781
524614617
132436181
87409961
210910268
57582316
140799745
394415127
70299479
176111919
257552682
436788316
134914025
38080841
743361769
884514531
343019513
38112463
46139916
255911359
474160870
65893930
313393345
721306818
297841969
52908337
585324758
176154631
456703988
97622405
179998321
86936559
626492973
164321263
557740129
556461479
359594899
524611333
264557643
383544423
6844899
253243199
123707293
20136157
219798361
134503293
308162689
4023461
13354500
8295219
172198536
268438292
82082853
53054393
257408668
57923411
89660007
438938097
389413207
35863927
5985532
9671105
370146917
317620535
24734706
465867355
203010986
45422861
610732072
153790525
80234371
156188863
400893784
131270526
13558318
18369455
84359346
237417874
58832588
151009967
115217103
265746414
168693576
26930113
828433189
86981197
305050141
38012853
225372945
9232598
149284391
519424167
1991573
469601147
309300064
262041598
239560942
458243917
41734948
859414334
438916479
380045410
12329668
26924158
320386141
148919250
827750022
80061265
66232587
8230960
27140359
84867455
124201178
125367934
167715661
418101317
165403126
150825641
23745517
481370353
285425190
59270481
221899404
76711334
317158381
15699380
335042521
24483694
14228376
119022523
94304456
359829
314513283
45737144
22171839
120477621
391445888
85858549
104441617
305842255
475546764
1048771
264479087
45304745
217093928
63398302
206487982
15208428
103379654
43810449
81879039
13489888
268837611
23582469
512212674
61377781
265349427
26581425
594342021
61053411
150903043
41266885
78278257
102654113
378849333
188028049
17865391
41464425
562650881
69971401
7537820
908958783
740028517
259414246
18041143
194727847
733594
295685554
33647661
170890936
51168376
17526679
731834944
189031369
27536380
92975874
73854481
399207568
24026386
569359564
431561599
318608665
721328686
104892931
74110426
24040973
81998421
489409091
109433607
173775512
223695925
189611671
360833265
2036220
74727921
173870012
311758111
239682580
258497890
408286607
428853459
61265311
266013151
62499168
258171502
34732852
6340149
61309313
101076035
130204942
188123696
487248038
448937869
61050541
99026549
12265487
57526730
200740949
547206878
166693755
568435627
37272381
342126723
75096285
138869094
283476384
281257848
318968143
295374272
178876508
29014348
483497245
289967705
122000610
115093399
8853267
81397888
441352129
3811124
324417627
417668679
564052444
283523157
468323609
236033714
643477385
44655331
65635866
120621745
244660204
469751065
187074478
373158377
197441880
20580971
477178864
509302645
620610268
36771881
281374154
203210855
2390014
360018674
46522351
106308151
87684804
235151281
612384565
436639351
424453943
298780184
121466339
148268754
141552554
505449109
147476221
181692181
425791330
298431171
250086150
70680633
108977157
739758568
88403446
68686169
111938182
249270682
409481157
40538341
191547887
22703992
427520687
476770276
25953027
341821602
100099250
81701641
405727622
814759651
829587479
200552729
348301951
279435301
502792669
296317133
45083346
814908891
6419100
339123662
131576919
67114962
297390196
241117999
74572553
131170856
592843846
332533166
435561595
542485737
772144
162874881
24391356
110284800
162705649
434516039
642991072
60668752
384550565
44056305
18988235
57882180
100316138
77976220
30598081
710587945
68815423
715597252
106160619
679995593
149086772
65141350
143208487
73357317
323602439
337863019
2326570
79753048
533051856
33396405
716346616
41634079
222919371
208673221
269871131
187217533
515509832
6165178
55179585
411538157
124391813
534976123
118654665
853255041
294358215
350524633
325701018
157138084
342213598
83881374
384465663
172822477
72321887
268895434
203652033
5911430
50803291
39109382
155593599
409566223
8526766
404116701
276287443
635980337
514864330
106466812
432556
546328022
235908247
129769932
833455626
482812666
2149277
380760201
92607061
103186784
364182181
627463299
60272331
198377817
288964891
426089971
184008157
688814649
385908144
20409647
299545312
727644464
14642446
1702801
66499232
191613604
744588326
935368576
20673571
21012177
465704150
190339064
92695695
541647613
426152379
108225730
115432589
184511919
155490816
81372021
700519195
288187462
376219833
498399183
754392999
573422209
1485396
206743341
7533197
6769543
659017
178547215
42116795
555587896
214276452
34399019
133793836
11815038
269930329
17816361
124020283
375987661
6092173
485595578
180267411
192978612
558598033
19069819
406822751
132067016
137606342
402016001
228032624
201861129
337755901
148739719
365760777
243733936
457098981
151350656
440001391
8880801
67933449
810526384
486271773
545020592
106623892
196377921
1984666
521125457
99077635
56138935
451348205
222845708
581079095
206560516
254996078
506380137
423394439
240427
240379793
45459169
33007040
342001188
108797965
52570064
517388467
502669672
764400941
546501342
679151126
345481747
141501042
52192988
51893933
377331768
406235161
118318282
98393803
300771378
86265721
225150961
226376547
26790676
161683325
36020530
632329771
180778276
337315858
329694328
461612203
809783645
110452282
360357703
23064343
231659650
263937441
308807133
51078616
91410205
42374707
130729553
265733264
371760655
357862600
34188788
436327485
276436664
396173466
36523132
290543502
301745621
259815620
153957377
28779841
320707768
586670953
158481203
12400078
1564739
61369652
718739829
71573636
185549053
305162033
79385841
96458949
364522596
361626436
311304522
260388916
372918349
39674252
268035221
247211644
319448879
382251351
299008216
502662713
43372506
99188801
597294622
773563865
161844853
214123636
759452357
915143701
599314469
626463053
447943232
260402521
266463957
81416326
378218241
1461791
68449192
36935873
140963177
316577293
413155056
40235741
341467993
305134090
15269563
375081
259587626
338978965
130519621
112759876
62457385
248783473
454807108
71371689
39398370
531840340
39397878
664056476
222084681
244501958
53032524
534750958
107586437
16588390
140057246
609386669
540001818
477020008
178697325
218065255
537806881
181742379
136334071
8606520
251178169
31834953
5047483
171041903
152262994
4006331
501205837
141093331
208789459
575367864
174591346
101808393
371418650
619901317
882100384
275926324
675438038
10045835
399388999
212396870
237338377
414991609
18309308
60364027
398336561
41132002
269435195
118977727
485872122
652879802
35654501
14961506
436874365
60008689
31583886
1653178
22612921
431008525
476040997
145193873
159174031
134754003
540021521
80080355
177894141
847018863
30684656
188779253
448936065
263743816
126543374
272806268
139136572
187571183
61603945
27810430
176340487
880530541
597776364
304059559
90538631
85050801
148049410
887349775
3374508
26406563
3622585
91549587
79763028
183866593
626498391
226438728
242808876
193140066
20870615
23400247
268627877
207582572
102262727
516704957
218327110
8152862
238934184
378987238
168266420
119846884
136214139
59399023
242340816
366906261
227758019
51145723
6506138
92630459
227727274
44224258
172452352
506067238
8166356
203083348
321655245
203956116
16239678
760864889
312723151
459222597
19858803
2965955
613471605
6048836
191457397
350740692
11825927
513717617
398177367
237841696
69591575
540654812
16901332
249019970
1944691
213873936
169825681
168650187
41650246
229785829
157702828
362658797
75133505
21683642
81751886
444903131
14494411
1776589
62992858
594390857
84988296
561511028
714268909
71937851
131901721
438270082
300414871
421169078
139600910
33289601
4766308
63372799
12591119
36522038
265939
439038263
42990685
531502140
40811696
507591136
357445417
40900431
276499735
92335928
340873117
236721607
154197723
10415342
443592234
502609396
242642141
709819779
562004866
428315719
44675641
110172919
264917631
611324509
399588358
3280357
212926663
425960533
431855761
61669909
25331719
182962261
215525319
59105721
27269073
220886259
2620554
23724585
41068740
57146007
357379125
16670933
240463001
740003351
296302184
258318131
692775981
596485105
284817783
252357393
3046
176778046
393515175
188773858
204752021
12847381
12074063
234106650
74662665
734255743
101446739
340829080
497230849
482959591
74651097
296358763
735630521
589332514
582577384
262589895
695183152
75427313
135571643
24720450
35512012
671641246
92229543
91470806
93992944
72742957
385117944
365768117
97235726
268030954
28515675
120411487
56786759
191171443
42330119
73675490
488615967
125331302
111071584
233894481
306501116
27415959
10641987
120281517
208568705
132039921
309536947
600606330
387113626
86856925
461478187
532803123
38291527
11828901
469734523
271825582
183064893
704164342
91466583
200228914
91875059
268644809
6269507
567235279
129994281
41420675
121014241
474467265
525639130
86959659
3233841
73227204
210500590
171549001
273929581
9554352
841346236
141888719
1137583
73483061
19860180
29921728
124917657
104335571
45298749
18836381
507242606
344587789
24821225
474581897
148426292
273599602
12308285
598573858
198045752
822339129
211297168
16233484
165614565
106760577
18089149
140704606
46482083
627744718
61696456
114628826
395970636
391723443
342995035
24679145
48571377
511061641
727864510
302060056
330946983
233253196
404135783
156237944
334705899
5551096
33430201
130215207
4901053
725135690
659781107
166585992
109322014
60700870
212487059
46998171
284877879
88059642
85441146
118248723
237230
225795607
376808104
349934323
644473631
303263255
149702325
150869587
277809921
83933159
368228577
242697691
381321862
482018809
228863071
165880663
25321342
149635591
215298907
484534282
499120987
310722789
123547671
649817523
40543539
672940390
184543903
577852197
27578815
33681893
79726771
152742573
400425337
31927126
239082108
12310307
75378473
59020459
48084197
14020426
494591595
554480
560473831
102239969
32724311
284522417
723478711
218550740
41929808
27762374
32018841
233761526
188385433
72236275
112170859
245941064
21269281
611273054
39676753
81218113
130342482
50832201
81967529
74466929
319180611
177609672
5378233
60271971
193689004
106259223
19853824
624447493
232265310
155556720
180201445
397628141
302306431
83042891
434544757
1964306
137583265
50730673
600914935
221431150
338352077
261467499
75465573
731269826
165993870
143011810
639659059
446928314
16710596
106406285
77851206
32805109
3420402
78167020
245232508
16155191
189865785
47622829
469443601
587597680
281957167
415820599
332031779
1785698
791764898
205905374
158336056
887807700
447336936
422450531
45531736
1234369
127239939
104339872
498088205
147697800
48674341
393636415
99479938
664099607
12243267
458623606
14010613
42009631
149967136
223412923
313983846
366666886
175004701
113240794
109511440
164539327
259297259
31126006
63934660
515808030
102433936
371824833
348587853
71891998
364178310
466155497
117921619
183868509
71606817
69168190
139462689
147101869
31070261
162078019
288829457
84920948
96974265
1857850
208655292
215473987
91951777
406717199
154547236
69773430
216404782
264182246
100118016
32891525
87937811
122247569
69606784
592374168
40313358
255805444
81852714
800921139
519132455
2949865
544611049
315233698
9254424
513878531
195585596
302193910
342235052
891728391
118044159
796319561
651454325
514103896
671728456
58964864
72062099
291407314
52391595
444141829
216688125
160945204
442184792
177557330
57433214
57145612
237347756
1052719
46559580
151993774
134383219
42309821
387698447
117672769
259975859
220245915
32372508
923089123
44773005
145723879
212282146
52216277
223597921
92050357
138485458
25891868
103374461
4028792
11270167
13214035
268920612
7353581
92430293
470343783
47533271
7419091
18522338
403584200
4024003
130982842
129013239
287909425
718868083
229609941
322002761
555171861
273106184
273682481
64405043
117661387
135047317
203116824
9337173
104279016
12126799
98801036
15352489
49536785
198331234
804964667
122388872
185213614
39338233
253135415
728730663
584062452
490482841
734724591
358368761
99328572
127045354
442155625
750567973
88780317
467895075
181375799
540953005
291831616
289716166
5965359
122655338
753263717
245263311
33914169
105051254
92083825
4348610
58299385
531668563
465816623
482921025
126898819
12209027
149476522
87137361
107404273
192058975
20296524
727351
130191661
136817213
306518641
121367959
403614263
37930575
853861303
124333877
89128597
572486415
221191431
376876381
34332261
277446712
147455625
363788909
325425444
687263592
405015094
96055085
330683729
75634553
366473350
72384471
98299124
603960667
18103716
98644555
251476545
23484059
105419621
275298331
962347343
2548027
96170108
11823905
546962415
466205842
6691639
67527811
132007162
53463634
196235183
938668354
168458343
264640402
7228495
473475933
344999325
133729630
620360946
31056761
16017472
85002117
29700665
359904476
60591369
716843710
31111881
64876495
15406923
151715316
142880086
11481107
76283281
213485437
324210088
169351623
209205419
405259772
167410501
403368715
123378287
86463793
788244254
46952210
83874637
255449569
188318365
256695803
302509834
267365180
336124801
25316839
42191948
480275565
737256565
99453147
220597141
199627818
178895895
329094216
86623505
20665705
56685832
130088513
696505185
57974177
15721435
5546129
233775557
128159241
647471671
268862657
138946428
373074430
138656744
412678118
582326905
362796296
46200548
230068075
417618461
191737219
334075357
228807232
85616145
110140647
127520290
358260572
451204976
21878587
499655103
575746942
160373185
171072137
38426201
198097363
32722017
350460797
524997365
577412506
587735007
103015791
16538086
115694714
412066916
368183692
704373384
460188633
144997381
180867525
142229400
9442839
510860692
283581297
213258082
75489106
538621145
361665534
743040288
99068245
115744833
182738581
7535969
515745116
207417668
672209362
793480795
741175267
25637858
56268889
441125903
47744166
251791897
791573093
686118482
262650002
142080104
22279054
521771207
308066283
603833369
435596413
150575603
87298985
100491863
1426541
154017343
23835269
663344945
147609137
46724258
625779551
378262051
2618555
50532686
619335089
7816316
77552011
52683013
282805876
44107757
218599031
149526109
8682279
190941334
124771715
270509866
39335409
27376528
84769353
115808142
35480145
84928993
52926141
374608482
255051916
135659508
12025410
471351373
539110291
410030413
13188475
99100261
516859759
172716323
399085889
276941852
94092619
314874059
328196676
236484088
89841824
202770561
247939816
291632510
126135978
87428953
51994377
34608811
70374869
27641440
118953591
203116369
165382344
120921249
17281132
425950015
32323614
646910467
537408937
300848804
367141012
29755553
14571603
72106408
3589419
367745449
122405313
93934657
918401903
380452555
749395075
70806378
70462713
164107255
289462717
30253288
134591359
149710898
489546188
85530820
92300991
549134418
408602119
484856392
237264418
12963689
76216840
27502581
201406913
101670830
550814748
610238276
25581199
97774381
42047249
251036591
327532949
41811683
252934201
7170238
203209897
409450483
102332572
736346221
727710368
135210689
181102091
116773498
304155094
426861550
165807503
418496601
437930224
980506041
215990281
42645532
552415546
419904551
136830352
97126225
486445039
198632347
339284158
188659696
35919885
9037261
1688446
189495368
348323960
490679203
66289555
803786370
20473603
106142689
73347681
180364
18404181
210234208
16929569
565629238
14674634
155256561
441390561
171836296
3058456
112363739
310379722
85284379
864999283
651040429
68367157
554401737
242636607
485086574
63520738
4057047
724065879
5389929
295890459
234719638
26885285
4893729
14466901
13088446
119943295
210086474
153203283
124515453
64598886
35811437
284080016
949491175
82103985
159699185
250509609
699690627
127545469
139538881
430609039
155014281
169558777
5193046
15315179
201892025
289218823
234562093
271017622
389609701
90791473
330574695
285359624
376912922
59576595
4069187
61568619
214071183
43809273
174073819
128142816
617374282
71016895
839590522
608795554
214211497
514400519
193702156
396759001
20492262
83316781
21718261
77001668
19806929
739129220
5016106
190944443
162918438
51616256
706139293
409548021
151831949
110505410
460355606
5998940
86997945
91519086
52143500
280423133
818847832
161406828
555728973
3559591
139959887
302240845
865035881
655856977
74637829
535285021
478304663
350455564
1017486
26332052
163366277
566489277
563379646
91247074
257387187
8260732
436796799
553107274
69918373
20735576
902895355
171881560
646265320
111103041
340521077
151082297
203134902
101843860
659781087
129233353
111641585
354548229
483181821
83558331
801654931
23953793
625857759
269171429
250858958
144700744
22013681
545427268
437629893
11601873
218079087
32475029
320075756
463745723
221243591
76505854
178513636
13898860
693216422
405572574
321384503
682738298
257410305
96167983
422984162
334821981
571544944
184056085
492616552
555199397
208521676
301075999
95018998
187053672
617678876
53632999
347699929
288817807
23570881
746623140
3603977
447565895
522451311
498656244
209700723
29461007
143337371
37144017
321593116
286010132
250419166
459662257
304653653
191001216
118032517
356660529
437562492
168924289
364085396
4523963
35070612
437551275
55302056
295724663
61094807
185429994
168306231
108895058
77599435
35337069
220797115
68022977
567973594
391743922
134323691
177125101
358793641
185178412
64336199
192023203
79233581
178853040
399417423
350359609
66852083
516918226
833375297
639607603
673842540
519874655
310242073
77660699
8617557
29745477
343634682
101128151
190159201
43021507
198388832
143596636
144122040
703953429
71595149
388388062
259898102
204135613
270313484
179827887
620985033
18011569
489849029
293175646
66054287
474770886
523291035
13732145
14622029
279462688
476738179
261437318
700708905
306690315
173188258
434587849
108991957
366693307
288083183
710218194
70701207
263349113
180572210
133991706
236481983
274147276
130372761
1885223
10296328
64257967
143245343
70339308
210339769
626391283
32708800
610414018
351045072
154399816
58036459
191216416
328188511
396385961
441214129
111703113
144052478
321815000
520008171
740062584
272789430
461897581
84215501
147139309
7202879
23303533
49397879
150908609
655211847
155739697
79678642
20650339
627336553
148665964
15449125
733132668
226233019
96490178
249551977
338949227
161309764
278387398
807235285
99527117
152495385
102549168
84402049
725632338
377173861
99161099
350430409
199462961
684283989
638344996
209285141
711450371
47428893
68638514
117603711
245141287
218952679
395990002
76661145
179032886
841352071
527992821
240606030
652472265
641513
307803337
704071049
188276993
101628999
95043316
18547768
278828953
497202562
341629336
90549743
61098484
360178915
303294690
181671737
42381745
317167295
191282496
518783687
25180930
254232746
740481
171601882
349083923
84835973
90165354
66968879
246491899
45313472
310784607
82556729
98890341
574867911
414226933
68228639
17311407
537027761
1339739
139871645
83256993
10527921
641421805
208171039
16619582
274340397
26329401
66585352
13492701
50460581
315838256
163548187
68125354
409704083
553457611
85489393
419500117
853853986
186827141
278802451
124234840
117436647
136292301
193645061
252836687
242790370
256857607
97203545
532105418
1327285
445320391
209214817
381807585
58208550
440068527
2723201
417684352
4253923
141526552
225760714
56980117
710276808
156323477
364801576
18123781
569220181
60957597
306201413
778306850
358092365
336190637
194665607
107485821
334384056
262649922
346742780
54074102
140929763
205159067
143626001
409330971
446732311
40297921
15176208
20264377
313227321
271876802
282781965
649690258
12390202
306331199
765648382
150788972
55044118
580956607
327762840
106810023
72524719
10671134
251608385
117726749
62589676
136419595
80895916
642328195
40235525
762363270
175128781
325657945
271469087
349601864
372214454
356832516
132872632
199874386
139296023
292912756
412449373
1516308
368854384
380938801
81249535
296987815
47952663
518342770
1263253
97720527
79442861
107869438
112952675
813754725
251743579
145188437
831952701
8931023
162940676
50939384
144979791
49719385
677132353
475676021
34218898
61454836
109882064
1189747
67714565
202104750
66825869
518978755
276708151
459047533
126768838
26575867
399728976
22247240
261176992
290661556
70087625
19767636
44067592
141541881
128252097
30626217
78334
624456947
71808505
205264829
457627010
14874726
178875033
63249817
81461797
302681985
22166496
357158636
677035490
515723039
533144602
937153531
615612147
214830137
306770951
465247096
781035989
220990253
45033103
27858867
147687871
34227681
481423449
293164586
19993711
11338961
39155381
245006956
3907234
114395383
87497377
429036223
584737739
567643737
228398695
835942501
589321126
24012980
13928543
797258155
81642784
214357931
8247224
368276561
277315734
122834219
590452789
136388336
428598769
242986968
9776189
765044285
2901081
398942265
494789881
70920815
118395537
634632129
8299849
294470561
10727267
59354166
60993091
38783517
73659721
48651984
207655658
423924571
523337005
348495191
498177752
122356572
78256777
200515161
218895134
190973487
376536320
142389109
174452214
76217256
461652313
358382153
441134626
24215627
348913201
569039086
278109957
180872242
38518705
154283356
149252125
2239816
203713354
211824085
37916044
49914162
460494304
323278776
14275727
22153203
368988595
704001723
24575975
794675145
282256485
64150901
373950539
631476453
174301464
744695594
108737540
534951934
352869899
246016897
45442903
434053505
287756828
6981181
648274897
96761223
345268801
84859653
231282783
57217600
17546444
27453995
314594222
212280973
29326934
472670056
211329743
538315222
404729729
698974324
71291245
253951576
56914443
327922345
221325166
441969134
183089556
85170445
767331340
210385881
172784563
56778323
138076745
94645165
77151203
53771339
621976870
60818628
646287677
615599529
2725829
736020213
219447971
261545956
121934864
948440926
682510179
231073691
91655755
598837761
235336783
115555645
305302308
950712109
62645032
111074215
33987421
74345369
19735393
9900026
345455795
627395585
699692604
696210108
398991489
322329511
50511165
7205409
102695233
609853337
654100651
148468261
203832751
49088665
341192621
78436173
14458993
8338801
22738582
311965990
371056263
141425633
114768440
390137727
34285527
87944755
42491588
12638949
192671268
44352610
18909151
37017562
60478286
295215353
324462094
55812330
439907479
115093831
114148963
164437619
490210337
416985524
144156013
277211789
349171071
337747511
5812929
272561089
685913941
422815831
9656993
412956429
260814073
585592453
30807414
731954201
1291154
94190541
2511821
834589442
398186382
29809457
1
23582109
8812364
271414176
54003940
306546433
36699059
276813166
293870639
272411231
77284273
463329874
393701149
299122144
568031150
277785951
199533787
6434457
242529213
15598371
8766238
664004031
574482351
522971289
230589116
160357891
222819281
810239126
23954282
530363653
22323006
213803857
12817039
919851973
195045730
70220433
484017843
241282609
429729627
475645160
139231105
209244623
424427840
427280929
279224473
49495681
3755049
171118673
9508147
337118911
17141051
384807331
513119381
60560933
137616216
292508964
169826189
44637569
21975409
468480602
583696690
67524832
12898839
110772496
77840055
376938871
73072345
26525464
121808656
276683607
787644601
141715388
442556527
51190182
3982203
63393672
33107841
79136599
194195027
335551880
173970957
148317453
152576597
635722307
89777311
409664955
122449361
10417199
24141583
164494219
383786381
416607159
125514794
5130496
5102007
17886747
111607684
388317985
293988868
248554178
353154113
32261383
133212693
149493436
1325657
245651584
406237189
127704466
217182596
14149621
6063337
862947054
42527844
249120349
196812791
177990218
135308961
83963131
541170997
79557351
237634400
180358030
328294856
378306001
115382469
179496961
38929029
128842971
113008951
321206238
360030838
478492705
256910966
548253661
811554746
301772831
206505937
662267121
436250640
281848720
588638383
177582490
94859437
68358447
300145941
705926785
376978999
86914129
40997098
357591621
131637787
81572503
515785914
50709862
4568792
19672939
16848959
501441028
195490639
87697731
77767999
35216426
449393548
167594197
45020731
284181029
152910307
83512080
142440112
111212816
682712801
110789253
166253407
65921641
737999786
36649791
54094401
1709285
35523556
43203026
35655685
82558529
674535989
161806434
55789889
280628674
55255951
79726349
482536674
115052296
84511389
360251613
699481471
86031121
13657625
20048571
440396729
162323013
49836616
432516812
32199072
237957887
120278586
39409429
209757142
183449580
435147466
983913901
261596375
437198229
485136273
9519916
68243878
130194171
39809997
457533987
164169833
5449172
759515121
94148441
152755141
44489908
89436926
2243542
2668149
392354381
562513222
429673941
54096101
95973599
370076413
301865489
374984488
134589153
342502280
500421194
50519535
228937955
202476938
72706222
29782896
577216147
598562618
500817721
67149022
438136551
187358466
29650696
387990891
313268989
116864840
63664981
310671607
72498830
11944457
139122901
374591944
9476381
200282081
437118190
340138946
84243003
191194113
213521489
151804087
73063884
232087614
545064059
317846321
12588031
261688471
263430428
314151846
164329306
42325728
71534161
153299259
251429017
4693001
345932031
461416964
30299369
255441090
428987899
399550822
260689307
126486061
165624604
816779846
129479329
228857167
47193181
540062236
28318336
755034843
673417304
76757563
46658039
321264493
85563731
108953069
173308234
8098915
133396251
139753778
207046045
92332853
608128379
232230439
152009680
200798902
78242686
875888956
178617421
4613343
776128849
506112437
643344541
159696941
36657499
88513400
401838735
173546246
227213819
564457486
49039781
58504798
17971468
356572888
314210701
3300109
170425333
330302677
270219098
240662225
535288111
415863009
520367761
141519084
128410608
31991967
15835
145565618
152529512
22762345
567064258
20206391
224830739
320542061
408169059
48776679
51410347
326028451
2373359
79493439
493263681
752011875
154173233
483024349
232270001
125816762
694381129
86076689
60349525
26515003
10452010
35897071
191812518
641970177
723747784
113935531
655325273
340724183
248712807
113000887
582888521
9406746
233866924
541041140
185557628
285798085
483211055
847664761
13266289
97393317
808451239
580360303
18242978
151254058
80848940
406963289
118880761
22504883
20368546
100282596
218037637
63485097
503418603
17364806
428754898
26382305
215413157
539363657
219718487
409205557
192140949
249614751
64079856
230094113
804349573
477916510
11216896
103910133
371306005
601626339
105795285
20155813
213713625
50238656
377405892
68999091
34431126
16991549
286342572
32270409
92479149
68239095
298561157
408659791
69003840
25389533
366456075
94535
95191391
436049823
243011606
733284423
5151417
384591264
312837316
230565714
168507763
483479613
137690692
644916511
477486173
3362899
26060277
374567119
761794825
7903981
35548718
382536072
38484108
9753889
25077600
42639453
110012581
156543800
5755642
790079361
468311878
525413211
456102399
49153801
60818653
89909707
127925511
131832658
76076588
101858795
71235889
24933841
533358609
638831011
103823329
47872456
361540507
16304737
675805943
88593782
217372161
125344280
254371628
51428065
724391065
8378846
80387291
250240833
578146457
124039239
251568013
456964166
421847110
474663075
258009832
105544487
386796355
403184145
70202661
190605931
287114066
117562133
77877403
204526701
33607075
120577359
469924353
89478391
60277678
148444321
557260437
29297444
17700661
98926686
198580768
94193850
4827588
262016784
529421897
252700481
570753615
35582351
631133607
592327588
341884951
467957081
137904807
435834237
260732815
584838986
41163154
11692962
524434495
629678353
256960835
321844293
193548609
576951974
83142821
38740445
480028046
21995353
500613103
325990929
745657883
153865947
554928469
928941566
83222605
17182
197067996
140422711
486930595
159296789
459408755
2610492
113651327
115038988
63956035
21834550
532964459
168036676
725611765
57049958
20455328
121104870
18017968
90068443
97185879
197330776
23968159
29761417
129427013
84403621
121085746
199527585
275476973
129981001
206688275
175810937
24523643
43421928
112470475
4491910
3536515
517185169
73080672
544552111
278174090
389904891
207599306
255765058
144220285
107335723
346969
566539525
151885652
206978818
104508980
130762183
253081543
55326397
82085135
25093433
228700494
64412242
102219263
582960731
154349177
24250735
690374579
22518501
116634319
115032816
274897949
348950923
55407963
213224292
112694191
326908708
250796761
150224962
434140593
36128012
157028666
211611632
265996063
166553735
483830005
634421583
404428627
207976339
235035465
133084321
281214712
192984293
84627194
328150647
124670572
159537610
200546468
28802465
67408917
73089469
457537414
27738047
274662723
37481783
466942772
112374203
79430495
119517126
180292785
109271101
207292011
184275421
499481209
362065172
54080896
106349190
380196009
382970543
770822185
496459489
40074323
329139017
29928651
554445901
301277987
735425164
155899824
385760594
495590876
143776515
99011111
22234977
158458841
206842189
141767983
196535491
790954135
281235979
220458613
378866560
516027331
130115437
8786336
1536646
377307143
330439280
65568285
751009477
127181487
806075793
227998845
316897
160002947
53776921
278261701
153048533
345596621
454400510
430818404
392391088
641614308
197111177
778449193
182920093
72949922
249568941
98283635
77460604
85708911
302697292
223091831
140157243
815557086
5610840
62434768
91012974
376439894
34015411
164019072
637639132
414188419
197102773
347801985
54200183
296069171
435488815
451861420
326866345
43189810
658514580
23944747
88588364
42693490
8631485
190703950
67407239
326572232
827161770
668926664
140555442
558989281
262308952
489373451
153668203
46790962
719589391
102171763
40602247
53500725
580924338
94187521
639163389
722701502
246629429
347016423
340678477
305655913
102372598
419469584
493210478
250984177
30189241
49802251
526279120
102274678
63185561
46302669
45251532
254145489
529127869
373852666
419427441
160950071
39373261
623069438
88709816
46002325
329340091
91582052
112999580
491052463
9691669
318888129
142952312
342972995
495196259
482426883
409651322
43955541
10611409
254940521
580187211
260262161
4533554
568933131
778957096
183092717
127181067
186527533
40541834
137400103
24359129
186240459
101173265
92218609
5580226
82035791
118058621
425946099
6132095
16888652
743756968
16901641
754531588
79936929
463930150
163690451
266593351
597071611
281077092
162180689
97098488
4944813
170248813
107997673
834250269
106677677
90491263
23994768
493091494
468023533
530387140
30103413
223565295
258437944
521945555
109349199
337591413
56027447
409852495
47709549
500845
338589489
223491169
144312217
64710007
292250911
25285628
161789725
104383
161561785
9862287
227817791
227243023
147114272
301060784
317187473
174732073
885860165
229330072
438644145
19714177
712291287
516728055
245784916
96602001
754167251
448138582
190816432
64522192
3059387
187856574
22478849
90504041
259792598
157006105
686449161
652688487
315318901
495337693
88004798
215827325
306582581
67967873
552042845
217866097
315952709
96507241
3273997
127371030
61767457
429063256
374807404
288125072
115660961
36258404
444641988
8907451
3389348
20355733
165984728
285248516
409037298
341570680
42536693
380445331
542038290
202915033
792663925
50664736
628498883
61541978
36716036
470658405
176588875
274434368
234493853
164156991
2996211
395239300
324019401
816609425
506753941
117329084
309935346
323464191
22366998
2546416
799376229
553499764
1142918
745903990
100924529
204625731
124481390
111254013
7008124
615223457
279334771
513567601
20617354
118458507
172207209
221625467
358418385
73069689
522872125
172788421
878638876
496302737
186143165
29588711
200915506
596105927
45342595
7217027
132719034
129683158
155374767
143850344
43561367
137698230
797244935
591785599
186256027
388858020
285255543
249133120
514607445
735524817
229118025
47414575
227825508
409428631
141805173
59891226
99954314
817605419
92701381
80693923
631997884
693663894
17093317
154391653
10782815
153709411
276209845
558887293
13255366
417146428
40737776
461473538
151708801
514295551
56943137
598475567
723228641
320955545
91585866
76634181
16106538
201511645
289223463
500801563
41870381
541866491
380840633
80716341
55811002
34448768
135227823
544409868
26466247
446136505
492101727
2598383
186602856
28736173
24802995
91403563
112228186
203481020
122389208
75862361
50083308
53302357
686114256
396124624
31052360
10025051
47498532
305913485
327351299
27281983
206408911
28160030
775602358
55548487
416581762
175212287
214069729
2373547
207119092
156042315
117949981
182175471
358063606
31791923
288064336
221208713
732868871
8260921
20372298
30465049
659747383
632317575
208882968
129736656
656125024
279205121
420315209
362192056
4825469
19363934
976896652
556357361
3448444
8020946
58959463
416078501
491709725
30340306
267855489
9816803
520532782
854044901
644681012
245293045
69170121
98990760
89662747
152554326
292632991
308860514
71189059
14621999
282565769
156469983
438826357
128227693
390864727
258988900
39402890
878618408
121573411
272651731
818475871
372711789
68988029
50313091
229665416
313307691
289594729
56272961
189279106
334435243
148033378
649808917
64613354
27108920
347507174
46648069
35050922
316778168
371745119
248110359
3795473
42578449
489017862
740289548
62053015
86926113
409723427
671154103
33946701
435072093
552513134
307272020
58756353
77980063
806782467
290911273
137494125
340363822
454707079
174056599
376923559
20295301
82270134
895997587
229306813
18320195
62116810
36029939
136502706
112965217
69194774
469594597
769725873
87378689
400775917
585299965
190809565
43572587
431070055
235650947
140900657
231880431
387743680
116508750
140358777
44618204
362050018
743632820
280453134
271770527
170029899
422806488
353484021
472655599
167930101
482279857
15055825
48321025
44599237
640441975
58050406
245309413
400442255
592782529
131614471
23555813
319848629
11500173
472987269
193880017
288973028
134328685
542039281
290711991
8229974
126997948
435411200
876365296
54668734
118767340
20946811
78167956
22411267
34232521
75468085
181822051
37338640
193541004
461970357
352078433
53767027
116954825
189813458
829950293
735267659
117256271
221744540
182564980
419411462
414560636
2105258
178932694
78888370
124583011
413927632
112431883
35395039
23703334
517784054
338455381
98697376
29600637
21783231
269631551
10106461
386931835
399123600
68734792
25961172
19067302
28625251
97242165
1706551
118828835
142493734
26352367
454752131
209641159
199949241
572718031
390827710
86568761
92406876
210700141
51313577
321801268
267481585
89061608
3956471
112443937
200362235
297892053
288186541
67522019
48617423
167668681
151205907
101919406
471975477
218071927
656830898
71696339
502033271
18253997
247855969
483421772
264890578
610437553
94714897
160913482
98039591
49941191
163637201
75154726
645702176
929057249
250913275
452304813
108439117
252269983
173429177
396191911
83005675
443202071
341991528
58860471
17729686
4993991
244753482
176627477
28936393
98001833
286189060
93965767
145202608
147025921
60030333
57695489
235183306
732313397
16970211
152246109
343978065
770172050
30376761
677951801
42174949
46510846
703135243
294521202
359453026
34905185
486672859
84564330
254213470
103272475
27715225
528912107
358923958
204492886
38374141
115902427
635974271
172259199
109177182
642760049
704056486
65560641
474485505
258774847
67562611
62256325
178530481
180195191
244788649
36054775
110859295
502291657
536511281
21905601
132418909
4273021
901562335
177278828
1121251
165653416
323579531
145812959
165227769
229860026
129879245
280986121
52371943
560668721
441238923
138783406
119514997
84390281
47112019
229724155
807049996
341406572
517235809
121411499
791200420
530535777
102381654
19791078
19086090
55795072
541845673
105878066
145513364
208426605
534688336
2625398
7688846
321300173
363407519
553718705
19795434
80409653
26531159
57180380
71489417
8178226
92564779
173572145
781321761
352925050
257924395
768603157
103830869
236990783
598204646
196492859
14473995
728620833
57803940
148224698
178403623
142295156
46891361
509930526
112153413
497298547
4309261
688456400
90548192
14020877
165321059
522306973
137210671
240320961
90921320
30517219
4690271
332767749
439895461
320926448
279093524
338946008
715331776
154641385
335211280
185656286
564017021
97299064
412175147
14327051
367288996
219676545
506764699
61632091
733716665
194159460
397521531
141693038
22361929
13542797
112375689
218661567
18757169
117921770
631211047
168839203
291230215
778086531
421767377
62138470
586848543
187599777
258417391
181722037
364741717
613756926
129338193
484695015
807088875
130968643
475793
38015333
708306619
486655194
2442305
274001292
670465318
549688511
19869651
460459771
40678431
20519651
90020521
739349064
328982161
27812096
611203920
815438452
150716947
69164323
361886434
424364719
125635868
81464690
4348371
461064627
450315433
624613111
5713756
285299045
10063528
313489971
246042436
65829439
130461741
544553299
194467517
177048734
634443013
340423199
451687512
606638617
714675257
119644618
114226729
36340978
474422206
7519723
58239841
514712713
286804482
438023134
530664450
117810801
79951045
52477651
24469372
91698961
873353201
14008340
470144976
62616702
354034022
256665403
58826689
38216809
114558859
6036156
258633883
159090337
806879516
283896277
914258389
52663561
97375140
112278611
368101058
352953206
247678448
88225199
22242149
26183558
433982459
217746509
449263600
216588281
163000799
84340687
595576598
447211804
315672889
62922445
269479615
86289993
221918611
261825480
18543482
317453901
464534208
291396365
12566226
70962624
795222
495587782
315329361
502120519
279239349
63512828
470543257
349071790
246435729
506528719
486229511
6168949
154509556
149687744
576756547
302913781
392416968
24605797
565376247
136266502
175300237
273045748
146415205
84166491
41828718
74059786
3033160
156420361
35327279
448563382
57061879
289947438
92456695
103820041
280366738
9067879
261178931
71803026
297037640
115755226
289964152
94497905
789866091
285571095
552604744
53132815
86016468
872514121
190612165
52606069
32447508
253111261
717974258
63393805
83574541
193727578
2424787
603714231
67253863
233256594
120637206
5838399
628570843
253673721
624198791
200442334
316241753
478326549
97874176
700549872
296582833
144292469
146741876
348104431
535331767
47093755
26090654
38685115
51404851
271707177
21107661
64560561
350832878
158654338
19086271
71264538
71171572
89736760
304825450
132036412
432560871
3430218
200649565
484815376
636535613
70494053
441065695
330443021
317805173
54556020
206684035
830978668
221906269
216874713
66410191
367361891
21639965
739591298
124858625
434263644
62783413
608720221
108086948
105493471
630615682
106772238
42733279
8484381
817054733
80470033
225775211
15590040
396994893
740124442
731557576
520677361
610566373
303345621
97286015
233624035
25810478
132875719
54077697
116152006
581895267
287260733
57963749
11263695
65876043
72282789
2030510
221445480
27994119
186406544
18617716
321742573
70855821
6507311
87064567
69234784
772638279
4400405
93875754
237526015
510103324
107549005
35715560
384309949
371665931
361343249
103209614
410927299
433926121
588050115
343263681
116517235
407798775
79053049
223627388
138997691
10757122
618697424
9953982
927496
260438147
10062757
180675072
134952786
422201250
824088395
99346279
327026191
87091071
400818261
17783023
614386001
188398410
68599395
825007793
151249441
190238239
231698389
9795721
581265718
104330194
36600385
308778401
42494839
256182541
347483836
46751950
142477141
78872531
95911066
401111526
100591366
51667059
173239142
140325431
284256497
553310628
35919537
417908371
72756269
18752542
459268498
57642045
410795623
601916610
18464304
625443395
261091513
219970771
18394442
651260345
166216752
9055527
208905778
18450902
408662175
343613921
154695105
30981961
885219143
285387403
285411212
399413793
703999782
48597959
628768714
262549503
426271077
298987096
529069572
148796127
7707466
319468560
75112329
172730847
114244006
322837277
93366239
170376066
239295005
8323442
262666494
495865673
480746891
361408329
349681126
137857840
32149729
338690738
389725892
2985956
465606061
529458371
531919684
484683797
12553313
130666934
3951033
254060479
144268060
211884209
307187771
442587746
344121243
412181951
59007950
44649347
278298961
30714938
25571853
627363401
406069252
146198026
473492058
679200341
241741135
815594693
37770708
122757246
45202591
80037701
64586418
347788237
88425501
207908540
127966709
71072009
137487357
117122127
459818439
206603945
20639460
515802197
5989501
308225098
130350291
65504302
378919126
287063113
161894786
33678801
63965115
69251471
276216679
156802033
429676427
63097505
1695110
219137
306860083
306139151
62884637
193215355
132260662
40575505
223276124
81467267
642097237
548533901
10409203
324226628
27801376
277578629
240561537
142951518
556263611
140150968
194240810
203935034
739375420
15218171
755899670
211896888
51363089
15440977
382590120
187988051
705946307
62251663
114118235
181352007
79387451
526655226
60583281
503604839
345025632
285483493
163395329
216456666
69927122
297964727
154979806
216326627
178523324
729473099
388375458
264015717
132970210
256922993
633709691
254982757
340084171
485443471
682209145
166022861
38206540
225817101
82253201
281919013
3652588
23569141
65486313
140632897
331082137
350501971
306595767
217216868
221740129
691429240
333027537
65965211
205391038
419640851
114434009
417471096
128105131
238938439
142296137
110418971
14786496
123113519
332909634
110739008
9345078
534506775
132167245
55357324
142729662
378280896
249900865
145129846
337789441
30984371
212629132
30675856
199501377
413081375
144666945
95587311
54507877
271774570
426841473
438851356
951088065
125519633
20434227
424973838
36193666
70655791
490553699
347966602
65586381
2808451
50118847
249015211
5371564
15532443
299711486
27124154
458135285
237184009
815521265
126128713
294693056
142656641
403738531
278497287
257421839
211139991
16464012
112424619
271970579
347496390
161455564
47407525
220805135
205849273
105439480
245712236
38266182
387950683
72203281
587974082
42710556
606232015
110615559
76190009
238727726
100425721
35201819
133699875
885057673
166881618
60968231
546612172
171090921
357288465
239741515
661398674
488866
537918526
455263552
208470779
26890245
6519345
10037831
28067638
78719325
55992877
190229257
908439957
221094574
173864939
45067945
548470061
392413327
55229
522862891
1379957
98166910
153999385
268254674
263522242
263167641
104068269
344924163
394532695
25346101
47920534
730170719
2921685
164242822
93069971
170867979
175732874
100783866
152919673
209179361
582371286
4582499
76353791
425481214
33918105
831777106
2156194
324218047
922148753
134079561
33748532
75494775
152293789
54414955
127917963
533043141
105815941
252711085
613649201
181274511
591884201
57032473
463518914
39099417
576645292
52515487
63013000
370655119
115686305
371677953
79066873
190120522
265779
208013773
72835621
86135178
108376985
232485541
742890799
293954278
1055910
120795957
300468
288047875
546716227
385965057
143413975
218072490
17221049
420434727
13470937
276109651
579927708
64566565
5655710
506680033
136231084
326022919
339184233
641757214
225864079
37288905
327454494
18482634
385572251
195538323
740107876
864510580
247189295
212251036
199568552
98826016
256572597
653825538
124110574
420975361
85723206
40538566
55128877
48454116
411979129
166597222
113446696
164250505
312486883
439413786
134540775
249318292
15303100
13130726
365214066
244096395
49657511
269755956
185181847
440438935
122003831
12322469
488954951
189549315
93257131
763428813
255578452
179727860
145253549
800753581
251652352
250085048
777852667
141986076
116044268
41054586
115904699
768484057
70451505
419262392
370275853
400186313
510386343
75087247
14768524
21286099
369923215
175775270
184195871
181125421
285544564
125426493
118875394
172379206
591706933
98882629
288572465
277187201
150464070
53637291
39382063
12378745
285152006
676772548
33540578
411715
6659472
428229063
477430322
830718394
663836944
345199275
33972787
47487464
13501097
198906364
56014391
718363171
203014701
84652597
24003583
448921569
431460070
724590303
378837391
184486696
138740127
159044491
187486983
319050752
49272941
152543715
143338819
267680438
271590607
414552905
412650754
63975718
651194896
521196523
355058965
194245026
26547571
182853647
8565050
448012762
275551565
76781956
54865139
6305265
157718759
932494081
93937716
166958539
566942078
197665045
466049348
336541030
357709857
175980769
163642396
84211769
223545708
31580932
407975045
914473813
127970821
99718431
339568386
241769115
24330955
154311906
293602434
198097842
225053590
44915194
780466805
57716038
38997550
40566101
697622859
790888886
92757620
225317429
74691121
485954577
620427851
193174467
839800097
192322169
161841408
85874674
934789862
255016735
609291182
334190370
161137366
212066358
238034204
3390269
301347203
280829319
27507357
26192314
53136165
24894331
341146335
448377119
6302182
328613741
349056930
29703402
467090794
244877921
730508796
9786153
287159297
479095867
701898506
330318029
238856223
624064865
44681115
130773586
283025977
29214473
115585404