100
6880492074358 4
6880492074358 42
6880492074358 41
23 9
23 4
23 3
5106 3
5106 12
5106 11
16 9
16 4
16 3
1758991047 6
1758991047 30
1758991047 29
9095051 6
9095051 23
9095051 22
25151 4
25151 14
25151 13
1952 4
1952 10
1952 9
5865991226205 4
5865991226205 42
5865991226205 41
15420511533533896 6
15420511533533896 53
15420511533533896 52
152637422548 8
152637422548 37
152637422548 36
82796898804885 4
82796898804885 46
82796898804885 45
232721 2
232721 17
232721 16
165 4
165 7
165 6
315606 5
315606 18
315606 17
17 4
17 4
17 3
248672093 4
248672093 27
248672093 26
1654756827441 3
1654756827441 40
1654756827441 39
394 8
394 8
394 7
151272 4
151272 17
151272 16
2081391955 8
2081391955 30
2081391955 29
22 8
22 4
22 3
60564511364604 6
60564511364604 45
60564511364604 44
137882238 7
137882238 27
137882238 26
59210 9
59210 15
59210 14
101345676891 5
101345676891 36
101345676891 35
9054 3
9054 13
9054 12
14295 4
14295 13
14295 12
74 9
74 6
74 5
2808207669550 7
2808207669550 41
2808207669550 40
1900730611452 9
1900730611452 40
1900730611452 39
202945948 6
202945948 27
202945948 26
1000000000000000000 100
1000000000000000000 58
999999999999999999 25
1 1
