389508749
50467388
588444843
0
240
150
1569750
362124541
37740121
0
240
150
524794885
853084595
825199648
286072195
562736901
722732564
16542793
720511929
944441676
3498000
199584000
419126400
389508749
50467388
588444843
469412941
920614511
207384931
806533149
249544582
827056161
676290050
467137146
831303110
262142
117746768
256438558
40824
141120
191520
714041230
15846728
361150500
240
240
150
974958215
982731478
476945811
790093082
536597835
707131712
1451520
1451520
2328480
171367171
117746768
256438558
642607054
853084595
825199648
0
240
150
252595024
181785927
281131923
930684555
982731478
476945811
186555078
923061560
309350309
4857773
381922908
891050883
4733820
658888838
798375916
249401880
658888838
798375916
0
15120
16800
485724904
850536641
749181537
594083620
536597835
707131712
310874578
982731478
476945811
0
243827145
218632673
1
