1000
840187717
394382927
783099223
798440033
911647358
197551370
335222756
768229595
277774711
553969956
477397052
628870925
364784473
513400910
952229725
916195068
635711728
717296929
141602556
606968876
16300572
242886771
137231577
804176754
156679090
400944394
129790447
108808802
998924518
218256906
512932394
839112234
612639832
296031618
637552268
524287190
493582987
972775023
292516785
771357698
526744979
769913836
400228622
891529452
283314746
352458347
807724520
919026474
69755277
949327075
525995350
86055848
192213846
663226927
890232602
348892935
64171321
20023049
457701737
63095839
238279954
970634131
902208073
850919786
266665750
539760341
375206976
760248736
512535364
667723761
531606434
39280344
437637597
931835056
930809795
720952343
284293403
738534315
639978816
354048680
687861390
165974167
440104528
880075236
829201093
330337130
228968171
893372414
350360179
686669908
956468252
588640133
657304039
858676326
439559920
923969788
398436667
814766896
684218525
910972030
482490657
215824959
950252374
920128253
147660015
881062169
641080596
431953418
619596484
281059413
786002098
307457874
447033579
226106625
187533110
276234672
556443755
416501281
169607087
906803933
103171189
126075339
495444067
760475228
984751665
935003986
684445017
383188331
749770882
368663542
294160362
232261539
584488501
244412736
152389792
732148516
125474905
793470388
164101934
745071389
74529801
950104031
52529263
521563380
176210657
240062373
797798052
732654411
656563653
967405138
639458345
759734842
93480478
134902412
520210070
78232142
69906398
204655087
461420473
819677280
573318628
755580835
51938819
157807129
999993571
204328611
889955644
125468476
997798999
54057578
870539865
72328800
4161609
923069127
593892179
180372266
163131500
391690231
913026677
819695152
359095369
552485022
579429994
452575846
687387434
99640064
530807988
757293832
304295150
992228461
576971112
877613778
747809296
628909931
35420907
747802867
833238542
925376551
873271342
831037541
979434129
743811207
903366340
983595738
666880334
497258519
163968004
830011834
888948750
76994681
649706986
248044119
629479703
229136980
700619965
316867138
328777043
231427953
74160970
633072193
223656414
651132082
510685971
971465709
280042014
546106878
719268576
113280555
471483429
592539919
944318096
450917558
336351126
847684436
434513296
3231460
344942955
598481300
833243294
233891705
675475980
482950280
481935823
304955684
712087260
182555788
621822821
40864303
413983740
695983791
673936496
637640153
347115873
184622468
609105862
627157886
730729345
328374438
740438441
202212775
920914357
684756537
653130332
257265482
532440973
87643628
260496943
877383927
686124927
93740236
111275632
361600908
576690516
593211455
666556591
288777775
775767243
288379412
329642079
189750982
984363202
3578575
827391135
331479076
188201042
436496997
958636961
918930388
764871435
699075403
121143162
685785792
383831939
774273494
943051274
916272912
861917122
203548217
793656839
548042050
297288453
904932471
909642957
873978968
498143926
576199548
162756744
273911169
864578960
492398822
463662151
848942163
495977396
291053286
180421239
684178439
727550283
139058200
603108826
492421718
838133602
724251988
178207510
221965542
498525482
121258784
138238454
360442605
324807000
931895293
908484654
622095452
836827764
818127611
496074420
334971691
394327160
658831163
608882860
258906120
151229985
72545011
107848282
647207382
363598297
288269521
331385820
91148580
427327721
934494646
583570298
265461323
658746634
761777808
487426865
157272117
883036591
625665319
517714721
207843591
557560613
426199376
829939043
394388377
244326987
326013463
729360068
638654147
984844627
338242927
897560266
136074612
410787938
5408549
783281994
774386235
293678069
114667814
865534814
721005789
49162460
449105112
986467112
707909095
210882920
473893977
865181211
93919511
99559297
382895933
301763102
657119909
809095308
131702145
51508287
53422296
457715608
780868354
692076442
442560235
119111281
589636708
578634847
529899219
595045257
361916841
304285454
888723325
476584655
169820268
609729115
525747115
618925380
596196227
233656210
829808299
70090204
98837422
923727810
169649501
481733354
225490912
826769410
290828663
357193057
878277696
344250958
814908665
659146050
36327400
257468901
778257331
625964108
836103747
308156550
221009365
198020589
612442004
109732690
674605244
782262271
719461804
200352359
401187652
315658031
434008569
230995952
385748235
532845990
154723762
555397736
14579344
380214674
382167146
305408006
737407731
260444842
649658964
552316396
919590892
685986364
809785296
697848223
311950473
645889043
6004773
532959837
843909632
618446776
642692527
518514875
400709048
362154331
718867234
801896699
677812362
152875802
32892651
63560598
685721792
187616412
618958334
700301136
567831086
1125480
5709142
305238817
261570322
655368107
857555212
181161214
341354471
667340508
879009436
653304943
313229552
885014209
186264780
157139183
503460985
828957307
675654058
904170033
191111638
394521292
706066732
868924000
547397095
738959382
932484597
233118887
926575794
551442931
933420022
494406880
552568411
939129164
799645696
814138732
594497271
657200909
995299946
935851742
324541417
874309382
589156685
637770969
759323591
775421465
794910152
262784575
604378772
470564210
166954608
795490410
865085502
873021340
664414410
412482597
611980722
596899007
645601483
538556516
148341938
579021505
32963397
700910349
518150670
832609093
515049081
112647941
489810002
510349027
48499682
814351419
384658408
637656367
452122387
143981999
413077832
247032539
406766574
17456604
717596749
573721182
812947013
582682251
446742522
477361423
995164847
58723244
74260430
640766331
597279760
222602368
219787836
630243157
923512717
737938505
462852250
438561798
850586446
952662251
948910824
899086128
767013670
333569232
536742494
219136058
477551231
949820326
466168597
884317805
967276929
183765346
458038986
780223942
766447597
904781508
257585365
761612444
963504752
331845795
402378775
560784512
554448163
622166610
191027669
477960880
360105116
653879918
916522677
210691561
606542169
865433501
109777689
373555840
199002733
646520183
592691897
676553964
596340509
58860494
560871768
563617438
242625839
18910755
343841380
9073436
923692263
601426744
770685880
887197014
933272539
173064655
447981526
487720702
795231266
639009195
965681581
155336381
292889113
882204258
366027943
899431282
747637759
475805631
272987122
946640492
122325814
865679018
623194456
718666323
924539512
184066225
282283760
167165351
202976980
626125140
176238786
126669243
227551884
946924666
13866257
160824423
119989322
461847784
648545124
915220587
100856978
614226705
70556968
393746091
496430963
436584910
293177373
244068722
912390541
566164494
190709214
34716356
431843513
813903670
753382678
356383025
997969895
35666439
523548375
200946874
661791579
699787161
327616117
889343462
646711827
341482374
50167886
766701148
803330157
698713009
681921735
904187135
312939715
752478703
297933227
809370677
189063613
591110599
53439399
101454155
157275094
244148613
136170510
589118606
58052283
889553188
945501631
56022178
925219626
469050006
256969052
587011205
168837167
584585169
476354667
815548995
926067542
526522552
582250143
729397700
225235562
264171879
633584835
538175276
16650582
931518062
347545953
205714194
522628661
400985352
307168349
679903755
645133964
443338859
269022361
703186247
332892047
214523991
759208425
258111673
683573997
16177476
845122878
852411164
600762644
321477545
667960159
526830187
848000097
250210302
256227887
73235659
514382181
889812722
611410935
531032762
821330783
958956887
736746956
343959445
359942239
43915305
23863200
5076204
487254163
292885560
708262450
820146209
507409551
467470875
78257882
190983549
483648351
923380760
43394713
84410996
244858304
711354871
611241182
92858402
961565173
867469069
166094060
475947354
757281791
777504995
6980116
578612574
736461882
743727071
922572019
96404121
787642376
946435218
101480324
274896539
239320778
809742773
95042748
746730329
277213648
173300630
937713877
760861999
96681390
981108590
845272994
341539694
692463461
456514176
434398095
654028634
323983245
600492155
129975988
81265036
377997150
136956103
659877610
114459032
880683174
582449628
210863152
668325550
528884846
312343476
943222088
768205624
122086250
38264836
514935953
399299898
211565466
452649831
160161897
308246855
433758420
5434891
649786549
126221882
461949067
84184645
780250515
785932311
684676800
910226503
867197347
62673950
47182607
527074957
177132981
927865780
109524585
387996133
596191330
638409431
700339608
539413418
406615055
822425858
577678254
921551008
221725755
789243720
374200838
381887652
97490575
807959259
387322542
747277124
934181140
849271609
831461768
714431655
635203920
516138568
624658159
502401267
578812517
671840765
29476224
755945498
599706545
139000808
143941631
195897875
777410239
844281239
735311293
184025294
666707096
312989546
105576302
888432852
102233266
479777140
270320503
199723841
287736399
657643045
947000965
221917539
506914654
778462733
936349194
142118575
294601301
561007353
644519841
873413818
232848118
673996065
629359316
832554663
812996873
773300946
28452538
590407112
617582185
763763831
774432406
284289281
76753377
880008708
172722133
178986643
359785848
443042636
378710483
647522247
100685681
325711448
869439785
607600335
104174181
805788979
749718909
398775482
366796333
394238750
272189300
599644450
68234815
901548616
432199113
881231688
674849562
460651651
471638800
292431746
224415482
246071206
576721028
301168859
126079914
749443160
480155501
485865761
192485796
858865984
133388008
293171477
184577432
2827794
900771811
288751614
808616773
650490720
687527096
175413106
44729470
959716395
775057556
112964285
861265011
207256670
994195972
536114573
667908321
465834772
828546319
892323802
711905977
405267347
193492661
837985891
154710507
673648162
323851652
347196303
0
