0
653184
0
0
181440
0
75600
2721600
134456
9841500
0
0
1354752
0
226800
0
70560
857304
0
0
0
301056
30870
0
0
0
0
0
1866240
0
58320
10368
93312
0
604800
0
4354560
0
302400
2222640
3810240
1469664
0
259200
96768
403200
0
0
926100
0
0
0
20736
326592
0
1866240
1008
0
0
0
1088640
0
0
0
0
0
0
0
54000
444528
0
0
3333960
0
0
0
0
151200
3919104
0
0
317520
0
0
0
0
96768
145152
0
0
1036800
0
0
2903040
0
11757312
3919104
3483648
153600
0
0
259200
0
0
0
0
0
51840
1866240
0
0
0
0
0
0
169344
1260000
0
0
0
0
0
0
0
1814400
0
0
41472
0
622080
0
19440
0
32256
272160
40320
0
0
0
0
0
0
32400
0
0
0
0
20160
1458000
0
1555200
1693440
0
0
0
5376
0
0
0
0
241920
0
77760
0
6200145
0
12441600
322560
208324872
0
0
0
0
0
1224720
0
0
0
0
194400
0
0
7348320
1344000
2709504
0
0
635040
0
124416
26460
2765952
0
0
0
0
138240
283500
56448
0
489888
0
0
8164800
0
907200
0
0
0
653184
0
0
0
0
0
145152
0
45360
0
0
34560
0
0
0
0
0
1270080
0
193536
984150
0
0
9720
3096576
77760
0
777600
0
124416
0
0
0
207360
0
0
896000
6144
0
0
3674160
4408992
0
70560
147456
0
1128960
0
387072
0
0
0
4233600
0
268800
0
387072
0
3556224
290304
0
2520
0
0
27000
1458000
10756480
1728720
193536
0
0
0
147000
45360
0
0
8817984
2099520
0
564480
0
288
8467200
419904
1185408
0
27216
12096
0
7348320
0
967680
0
0
36578304
373248
2721600
282240
20412
0
497664
25920
331776
12859560
0
0
1161216
0
0
0
32256
0
322560
0
43200
921600
35840
92160
0
0
524880
0
0
2709504
5376
0
122472
0
103680
0
0
64800
0
0
0
2449440
138240
0
0
32928
2239488
0
25920
2903040
0
2580480
6860
0
291600
13720
0
0
489888
0
3048192
580608
0
0
483840
3096576
145152
0
0
0
0
870912
846720
0
32256
460800
0
0
0
145152
0
0
8001504
3840
10935
2296350
1399680
0
0
0
0
0
25920
0
0
0
0
144
0
4515840
1049760
0
31104
0
645120
4032000
0
0
49000
0
408240
0
0
0
193536
0
0
120960
0
0
0
0
14224896
0
0
0
0
0
246960
0
0
0
0
0
0
0
0
37632
0
0
0
0
0
0
806400
0
70560
2976750
60480
0
48384
0
0
0
11197440
145800
0
7464960
0
1161216
0
0
0
2041200
0
1354752
362880
224000
0
6480
451584
0
169344
0
25920
0
423360
16128
622080
0
0
0
0
0
0
0
140000
384
20160
0
0
0
16200
0
0
22680
0
0
0
0
1296
38880
0
0
0
3265920
2177280
64512
4762800
21600
0
0
48000
104976
22044960
32256
635040
0
14171760
302400
13440
0
2592000
0
255150
235200
0
940800
0
0
0
0
0
0
0
161280
0
0
0
540000
82944
0
183708
0
0
0
0
12096
0
0
995328
17280
0
2857680
26880
629856
0
0
0
0
3333960
23520
0
76800
107520
84672
2177280
53760
0
0
0
0
1016064
0
26460
0
0
1451520
0
64800
0
0
0
87480
725760
0
29400
0
2177280
0
5143824
362880
0
0
8890560
0
1260000
32256
0
453600
0
0
230400
0
0
0
0
3265920
317520
0
0
0
0
0
0
0
2449440
4082400
0
0
0
362880
207360
0
0
0
209952
0
0
0
306180
0
483840
0
136080
0
518400
32400
62208
0
0
248832
7779240
0
56448
0
3840
0
155520
217728
97200
0
0
18900
0
0
677376
93312
179200
3359232
60480
0
69984
1204224
153600
0
0
0
0
0
0
0
166698
0
0
622080
0
45360
17280
0
1693440
0
99202320
349920
504000
0
714420
1143072
10584
995328
112896
64512
0
0
0
0
90720
0
51030
0
285768
0
0
0
393660
0
0
18432
0
0
0
2764800
0
0
116640
0
0
0
338688
1728000
2540160
2592000
0
60000
0
0
36000
169344
1036800
352800
0
0
1134000
0
69120
0
0
0
233280
1244160
0
0
0
19440
0
10080
8573040
49392
286720
7680
0
117600
0
0
0
0
752640
170100
7680
258048
0
0
0
43545600
5715360
1166400
524880
0
0
0
161280
0
0
0
0
0
501760
0
276480
0
27216
0
0
23520
768
0
170100
0
0
2116800
246960
0
0
470400
387072
0
0
0
2370816
207360
0
3265920
0
0
0
0
112896
0
1555848
0
0
0
1451520
349920
186624
100800
0
0
155520
0
3265920
0
0
0
0
0
0
1105920
0
0
3932160
36288
0
0
0
165888
364500
22674816
43200
207360
0
0
0
17280
13063680
6144
0
122880
0
45360
0
0
1778112
0
0
0
21168
0
0
734832
0
0
0
51840
0
409600
3292800
0
49000
0
0
645120
0
0
80640
153664
0
0
193536
50400
0
172800
518400
0
156800
0
48384
9072000
0
0
7776
6350400
0
110592
17010
0
0
466560
0
983040
0
0
0
108864
3429216
0
0
34020
0
1185408
629856
11200
0
0
138240
129024
24576
0
262440
518400
1306368
0
76800
0
134400
381024
0
147456
648270
0
3528
1741824
9676800
0
0
188160
0
26880
13063680
0
0
0
0
3386880
1102248
0
0
0
46080
0
5832
147456
2903040
0
0
72576
20480
0
0
0
0
0
0
1612800
1088640
22118400
0
74088
188160
56448
0
107520
0
0
0
0
0
2296350
0
34560
0
0
1837080
37800
0
1128960
414720
0
0
0
69984
4354560
0
290304
43200
0
0
