825
1
4
25
41
74
259
1227
2445
5154
27899
90606
2
6
10
34
132
462
1728
2320
14745
16593
18968
1
6
27
54
134
467
1524
4094
11715
31324
85650
1
4
29
60
162
350
1333
2268
15070
22886
70064
2
6
23
47
189
347
1141
2261
4667
32627
81075
2
4
8
39
136
271
982
2588
4749
31367
49690
1
5
15
56
148
481
1366
2990
13699
29502
5295
1
6
21
36
149
438
1261
3953
8614
19187
69619
2
4
13
34
139
445
1587
2606
8676
27237
40861
2
6
21
52
181
397
945
3436
10705
16558
36091
2
5
22
42
146
291
1359
3912
15166
27806
61339
2
6
30
51
195
265
1280
3462
11380
21104
3654
2
5
30
32
162
356
876
3508
8794
19543
48119
1
6
19
46
176
403
1844
3082
12909
20598
97543
2
5
19
37
141
401
1450
2690
4208
20288
93713
1
5
13
35
251
291
1331
3677
15927
19900
87179
1
5
13
55
150
293
1310
2861
7088
21751
54503
2
5
29
62
108
295
522
2613
9181
23505
75664
1
5
15
44
177
412
1527
3465
5638
26285
27009
1
6
8
44
121
387
948
2418
5446
20370
25688
2
4
30
35
184
258
1010
2265
13893
24383
123
2
5
10
42
249
299
604
2928
7002
23600
33967
1
4
18
49
80
468
1984
3895
7917
20200
93722
1
5
26
51
220
490
919
2921
9278
21529
56337
2
6
23
33
119
357
1087
2613
8981
18490
44276
1
5
26
58
140
447
1190
3661
4454
21601
36598
1
6
30
34
133
318
1288
2577
6076
19911
52968
1
5
22
56
197
317
724
2351
13396
20365
66619
2
5
19
39
64
414
890
2418
13147
18542
83886
1
6
22
46
219
510
1058
3521
7180
24461
65569
2
4
11
50
127
292
2018
3296
15866
28137
1618
2
6
20
46
157
457
1478
3310
9639
17683
74959
2
5
22
36
188
441
815
2653
5654
30175
81536
2
6
18
62
162
374
862
2485
11867
19287
85827
1
5
10
39
73
440
765
4003
6520
20808
24671
1
6
25
62
72
468
1864
2225
6655
29603
7636
2
4
21
44
150
334
769
2434
6616
29876
74917
2
4
14
37
105
350
1941
3236
15761
23319
17564
1
6
15
51
236
369
986
2446
12863
20852
81771
1
5
26
34
199
385
1387
3682
16009
18200
56304
2
4
29
40
254
338
1507
3644
10620
31873
89608
1
6
19
53
126
259
1122
4089
7306
29244
25111
1
6
25
45
151
349
1182
2267
5535
25444
76714
1
5
18
50
203
473
1525
2301
8467
23387
50609
1
4
20
56
196
400
1512
2686
4646
30761
27058
2
4
23
55
173
353
1591
3310
9691
17351
81832
2
6
19
44
192
356
568
2357
13519
21745
6861
1
6
30
36
181
307
666
3725
13615
32692
30192
1
6
24
50
192
480
1264
3849
14629
26214
49632
1
6
14
51
197
354
868
2994
9518
17645
20338
2
6
17
50
198
436
683
2423
16299
23016
39302
1
4
13
36
144
421
1037
3816
13792
18489
50487
1
6
13
37
172
423
1423
3808
8236
16624
34596
2
6
25
54
183
435
2046
3733
14415
16589
27464
1
6
16
55
70
323
609
3449
13826
32452
10624
1
4
16
40
185
452
515
3775
14382
23384
6684
1
5
18
55
96
454
631
2219
15959
20543
18940
2
6
30
51
250
439
1650
2806
10361
19289
93316
2
6
18
48
89
432
1086
3257
12804
30462
97247
1
5
16
58
202
352
1309
2769
15171
18824
10230
2
6
17
53
136
401
941
2245
15518
29173
6873
2
4
28
43
94
379
1820
3503
13395
29000
73809
2
4
27
53
136
367
1365
2704
5698
23817
53069
2
5
21
58
244
374
743
2829
6769
23830
2250
1
5
23
33
162
473
2025
2771
15370
30692
61910
1
4
13
55
69
316
1697
3283
11052
25407
76061
2
6
14
56
141
380
1024
2240
12744
23014
61443
2
6
16
50
156
285
741
2384
11706
28691
38237
1
5
13
44
130
427
1386
3451
5200
26031
55385
2
4
11
35
128
349
1917
3170
12773
31241
26008
2
5
21
41
201
396
1341
2323
5335
19032
98226
1
5
20
35
177
399
1226
2949
11595
30306
28437
2
4
10
41
225
471
1665
3866
12605
29465
93313
2
4
18
45
230
347
1638
4041
4642
20979
27616
2
5
8
40
186
501
1548
3797
14498
22461
52864
