667
2
5
28
53
84
464
1462
3602
5996
27565
97851
2
6
15
38
233
308
1692
2623
8872
31686
80111
2
5
17
52
188
257
1643
3930
9342
28355
86672
1
5
30
45
115
413
1442
2932
9186
17099
5256
2
4
30
38
96
378
1740
3094
11548
23436
75023
2
6
16
63
142
445
1292
2102
6841
21984
47234
1
6
21
60
234
500
753
3919
9875
18567
21491
1
6
20
55
203
366
669
2925
15659
32609
40278
1
5
11
33
87
414
701
2062
11404
23230
78884
2
5
16
61
176
320
1530
2183
15868
24259
31443
1
6
17
46
171
326
978
3833
6900
24311
72564
2
4
22
37
188
458
664
3730
13182
20769
73064
1
4
20
45
97
395
1157
2067
10980
26837
66689
2
4
9
42
218
298
1540
2820
7807
29523
73427
1
5
12
59
140
428
1665
3079
13581
24027
15272
1
6
21
60
228
486
1167
2635
13778
23430
40431
1
4
24
35
252
430
1482
3120
10314
25080
21821
1
5
20
49
75
419
794
2320
14193
30314
86703
2
4
30
41
191
257
1318
2909
12599
25034
135
1
5
15
55
97
375
2002
3317
14331
21775
9492
2
6
13
55
118
423
1990
2475
5749
23679
52620
2
5
30
51
101
299
664
2077
14887
29897
76711
2
4
19
41
187
414
1216
3992
4557
31695
73183
1
5
16
62
104
423
1579
2149
8224
27013
4661
2
5
20
35
92
330
881
2408
14308
25635
52312
2
4
11
38
181
476
1426
2966
13853
23839
65544
1
6
22
48
138
258
1542
3199
8987
22960
24690
1
6
19
45
135
382
970
3355
5721
21334
76223
1
6
18
39
105
483
1199
2591
6698
18648
66979
2
5
24
35
164
282
596
2527
14434
23104
56746
2
6
30
51
98
327
1121
2602
5285
22739
38081
2
6
29
45
134
435
1428
3085
12056
18963
69918
2
4
21
40
157
421
1891
2850
9674
22336
68383
1
6
13
62
122
456
800
3143
5902
32105
24497
2
4
29
61
190
432
1858
3737
15942
27078
60918
1
4
30
62
81
361
873
2217
4289
17420
6858
1
4
28
54
68
382
552
2173
5690
28868
78588
1
6
30
49
86
482
846
3477
5407
18102
61601
2
6
26
32
80
436
1328
2187
12198
19043
69829
2
4
9
58
105
450
1752
2268
15603
26900
33171
1
4
17
34
91
326
896
3361
13422
22857
43165
1
4
8
47
123
401
1232
3836
9050
31150
70644
1
6
20
56
200
440
727
2614
4232
31893
51256
2
6
18
40
134
457
2036
3300
11802
29783
48747
1
5
19
53
157
402
1877
3056
13958
28804
99951
1
6
8
51
215
385
813
3891
6814
19438
32667
2
6
29
55
211
270
872
3783
8305
32706
69905
2
4
22
35
92
426
1722
3234
12713
25440
74465
1
4
9
52
162
260
1431
3154
7954
27892
40141
1
6
21
60
231
442
2044
2929
13360
23545
37788
1
4
27
43
247
333
1187
2378
7204
29389
46748
2
4
23
47
248
428
1196
3115
8087
28719
67263
2
6
14
52
204
364
955
2849
15975
20083
8704
1
5
25
40
199
414
1539
3595
11391
32297
12077
1
6
27
37
251
417
1995
4036
14207
25791
18507
2
4
25
44
233
486
814
3431
10121
29824
42448
2
5
30
42
140
425
2043
3243
12441
24177
40867
1
6
23
52
247
342
1779
2682
5348
19895
25123
1
6
18
48
72
284
2022
2383
12835
31243
403
2
4
11
34
157
306
1065
2157
13379
29727
12598
1
5
10
45
227
378
69359
