2464
2806
2520
2626
2686
2467
2715
2523
2548
2605
2421
2302
2622
2385
2656
2597
2606
2542
2527
2435
2575
2512
2622
2658
2550
2584
2547
2545
2551
2569
2549
2497
2615
2565
2495
2697
2643
2611
2559
2414
2674
2576
2555
2411
2528
2592
2514
2497
2755
2609
2682
2547
2678
2784
2606
2525
2498
2746
2861
2710
2637
2505
2787
2755
2516
2746
2590
2494
2431
2611
2651
2598
2538
2595
2650
2419
2593
2605
2708
2472
2509
2769
2613
2334
2557
2670
2582
2749
2331
2473
2755
2622
2522
2833
2379
2702
2559
2720
2634
2603
2689
2753
2568
2558
2483
2576
2550
2663
2582
2800
2737
2569
2601
2633
2584
2590
2706
2596
2640
2534
2604
2563
2534
2653
2550
2556
2797
2743
2567
2637
2434
2657
2601
2632
2491
2629
2671
2645
2673
2619
2607
2425
2412
2644
2539
2431
2568
2624
2628
2487
2368
2696
2635
2637
2609
2524
2597
2639
2608
2468
2331
2677
2446
2670
2559
2549
2516
2568
2698
2745
2596
2718
2504
2597
2634
2634
2658
2607
2688
2597
2615
2487
2637
2724
2502
2503
2437
2620
2545
2655
2529
2561
2384
2642
2775
2703
2453
2355
2769
2465
