-1
1
4
3
3
-1
2
8
-1
1
5
-1
-1
-1
-1
6
2
1
1
-1
4
13
-1
-1
-1
-1
1
-1
2
1
-1
3
1
-1
3
2
-1
2
-1
-1
-1
-1
-1
3
-1
4
2
4
2
-1
1
1
4
-1
2
1
-1
-1
2
7
-1
4
-1
10
3
-1
-1
-1
-1
1
7
1
-1
1
1
-1
-1
-1
9
-1
-1
1
2
-1
-1
-1
-1
-1
-1
-1
-1
2
-1
2
-1
1
4
6
-1
-1
-1
-1
3
12
4
-1
1
5
-1
1
8
8
7
-1
4
7
13
2
1
3
1
1
2
2
5
4
2
-1
-1
-1
5
-1
-1
1
1
-1
4
5
1
-1
-1
1
-1
-1
-1
3
3
1
10
6
2
1
-1
3
-1
-1
-1
1
-1
-1
-1
4
2
9
-1
2
11
-1
-1
4
-1
-1
4
-1
2
8
1
-1
-1
-1
1
2
12
-1
1
4
-1
-1
3
3
-1
2
3
1
6
-1
5
1
-1
2
5
2
5
8
-1
3
-1
-1
-1
4
-1
-1
3
2
1
17
-1
4
-1
2
1
-1
2
-1
1
-1
-1
-1
-1
1
7
-1
4
1
3
-1
1
-1
1
2
-1
-1
4
14
-1
2
2
1
1
-1
-1
-1
-1
1
-1
1
-1
-1
-1
-1
-1
3
-1
-1
1
5
7
1
-1
3
-1
4
1
7
2
-1
-1
1
1
-1
-1
-1
-1
4
1
-1
10
-1
4
12
1
-1
1
-1
11
6
-1
-1
4
13
-1
17
8
-1
-1
3
1
-1
1
1
6
4
23
-1
3
2
3
4
-1
-1
1
7
-1
3
1
2
-1
4
-1
-1
-1
3
1
1
-1
1
-1
-1
-1
-1
-1
-1
-1
-1
13
-1
-1
-1
1
-1
1
4
-1
1
1
3
17
6
-1
-1
1
-1
-1
-1
-1
-1
18
12
-1
2
-1
8
-1
4
-1
-1
6
3
1
3
1
2
-1
5
2
-1
13
5
-1
2
-1
-1
8
5
-1
1
4
-1
1
-1
-1
-1
1
5
-1
10
5
1
2
-1
1
1
2
3
2
2
-1
-1
-1
-1
3
-1
-1
1
1
-1
1
-1
2
3
4
1
-1
1
-1
3
3
-1
3
-1
6
3
1
-1
10
1
-1
-1
-1
-1
1
2
3
2
3
-1
2
-1
-1
1
2
-1
-1
-1
-1
1
3
-1
2
2
5
1
-1
-1
3
-1
-1
2
-1
2
2
-1
2
4
1
7
-1
11
2
2
-1
2
-1
-1
-1
1
3
-1
11
1
-1
-1
3
-1
1
-1
4
2
-1
-1
1
8
5
2
-1
-1
2
4
-1
8
1
1
2
-1
-1
1
1
1
2
2
-1
2
2
-1
8
-1
19
1
33
-1
1
-1
-1
15
-1
8
4
1
2
7
10
10
3
-1
-1
-1
-1
6
-1
1
7
3
1
-1
1
2
1
8
-1
-1
3
1
1
-1
7
-1
1
-1
-1
5
7
-1
-1
-1
-1
5
-1
13
1
5
14
2
2
11
2
-1
-1
-1
5
-1
-1
-1
3
5
3
2
-1
-1
-1
1
3
6
23
-1
2
-1
5
4
5
3
1
-1
-1
-1
-1
-1
5
-1
-1
1
-1
-1
1
-1
-1
-1
-1
-1
2
2
4
-1
1
1
4
-1
-1
6
2
3
4
1
5
1
1
13
-1
-1
-1
-1
1
1
-1
4
5
1
-1
-1
4
3
-1
4
2
3
-1
-1
-1
-1
8
-1
-1
-1
4
-1
4
-1
7
-1
8
-1
9
-1
-1
-1
-1
2
-1
1
7
-1
3
-1
-1
2
-1
-1
5
2
2
-1
-1
-1
-1
2
2
-1
-1
-1
-1
2
-1
2
-1
3
3
3
3
-1
6
2
4
2
1
-1
-1
2
-1
-1
4
-1
-1
4
6
1
2
5
-1
-1
2
-1
1
-1
3
1
1
4
3
2
1
2
-1
-1
1
-1
-1
3
-1
7
-1
3
9
-1
10
-1
5
1
-1
1
-1
-1
3
-1
1
-1
-1
3
1
6
1
1
5
2
1
1
-1
-1
9
-1
-1
3
-1
-1
-1
-1
1
3
1
3
-1
1
-1
1
-1
4
-1
2
1
3
4
-1
-1
-1
1
2
-1
-1
2
3
1
3
-1
-1
-1
-1
-1
9
4
9
3
-1
-1
-1
3
-1
6
-1
1
-1
9
-1
3
3
1
-1
2
1
-1
-1
3
1
1
2
3
-1
-1
2
2
8
-1
7
1
-1
2
1
3
1
-1
-1
-1
-1
1
4
1
5
-1
5
8
-1
2
7
3
6
1
-1
1
-1
-1
1
-1
10
-1
-1
3
4
18
-1
1
4
12
8
4
-1
2
2
2
-1
4
-1
1
-1
-1
2
-1
-1
-1
1
1
-1
6
-1
-1
-1
9
4
-1
1
-1
-1
-1
-1
2
-1
3
-1
6
1
-1
-1
4
-1
-1
4
-1
4
2
1
-1
-1
-1
-1
-1
-1
5
-1
-1
1
1
3
-1
-1
5
-1
-1
2
7
-1
4
3
-1
-1
-1
6
-1
-1
-1
-1
-1
1
3
6
-1
-1
8
-1
-1
-1
-1
-1
-1
1
