180883202
440357981
516962483
119606203
47399997
330735999
157559258
728443254
626299581
650913682
836967994
155473905
399526131
247086666
688489398
126059356
3139836
729899977
436427504
138357382
202819376
451500253
773968166
388480177
918070152
313929540
387270818
762168384
743803925
883636369
582717144
441376526
748585993
686961906
453099340
119817939
235569853
882768186
164811972
893781096
771267841
297355501
886002302
826966598
997311829
697426342
903644851
234491094
278757573
500106713
165837992
822601934
613814173
912754303
455303479
320417921
148290933
835011076
267090801
24210410
355058994
834921358
279955856
155917218
168243647
109838459
338526813
899291985
56937757
955936201
909866656
367669131
188771082
14214649
592560858
486361798
790214879
712497606
909102506
947643064
78047658
955518632
514390559
16893524
382404009
919874619
60769022
296379956
271117227
184153402
748884908
678526929
297675987
715288533
235957749
60096565
466887174
870043668
986356456
897183105
378058781
600761991
510113340
350349849
499589166
923760635
72761701
97975869
764047344
987536958
587387697
233195155
904456870
25462899
91098
11529334
712629643
560827764
99826296
337778489
678724002
521166963
288631275
98595806
346352041
571979731
654301641
610790745
87299486
630190026
145268355
716586471
579961826
702916543
988866061
119138378
33526694
63118633
210186913
344256854
885476562
595526650
391357247
358772091
870248807
106314307
206629885
43448008
788634502
639000256
645668035
436229108
772190948
199449456
455309068
268559946
811662522
960358571
452573004
616622689
495336684
244489885
905449940
895552067
643191604
8144857
373962331
924677841
523779095
876699644
269775898
832587737
609073771
650709953
922043391
863912489
768620876
126844033
30130133
510433044
417486661
173362691
337246737
14048761
780668813
323840651
363119944
368696572
819511818
715796927
343776241
872244598
962042780
425037607
50565221
625363
9377
223
13
2
