10000
1
84018
39438
78310
79844
91164
19755
33522
76823
27778
55397
47740
62887
36479
51340
95223
91619
63571
71729
14161
60697
1631
24289
13724
80417
15668
40095
12979
10881
99892
21826
51293
83911
61264
29603
63755
52429
49358
97277
29252
77135
52674
76991
40023
89153
28332
35246
80772
91902
6976
94932
52600
8606
19222
66323
89023
34889
6418
2003
45770
6310
23828
97063
90220
85092
26667
53976
37521
76025
51254
66772
53161
3928
43764
93183
93081
72095
28430
73853
63998
35405
68786
16598
44011
88007
82920
33034
22897
89337
35036
68667
95646
58864
65730
85867
43956
92397
39844
81476
68422
91097
48249
21583
95025
92012
14766
88106
64108
43195
61960
28106
78600
30746
44703
22611
18754
27624
55644
41650
16961
90680
10318
12608
49544
76047
98475
93500
68444
38319
74977
36866
29416
23226
58449
24442
15239
73215
12548
79347
16411
74507
7453
95010
5253
52156
17621
24006
79780
73265
65656
96740
63946
75973
9348
13491
52021
7824
6991
20466
46142
81967
57332
75558
5194
15781
99999
20433
88995
12547
99779
5406
87054
7233
417
92306
59389
18038
16313
39169
91302
81969
35910
55248
57943
45258
68739
9964
53081
75729
30430
99222
57697
87761
74781
62891
3543
74780
83324
92537
87327
83103
97943
74381
90336
98359
66688
49726
16397
83001
88894
7700
64971
24805
62948
22914
70062
31687
32878
23143
7417
63307
22366
65113
51069
97146
28004
54611
71927
11328
47148
59254
94431
45092
33635
84768
43451
324
34494
59848
83324
23389
67547
48295
48194
30496
71209
18256
62182
4087
41398
69598
67393
63764
34712
18463
60910
62716
73073
32838
74044
20222
92091
68475
65313
25727
53244
8765
26050
87738
68612
9374
11128
36160
57669
59321
66655
28878
77576
28838
32964
18975
98436
358
82739
33148
18820
43650
95863
91893
76487
69907
12115
68578
38383
77427
94305
91627
86191
20355
79365
54804
29729
90493
90964
87398
49814
57620
16276
27391
86458
49240
46366
84894
49598
29106
18042
68418
72755
13906
60311
49242
83813
72425
17821
22197
49853
12126
13824
36044
32481
93189
90848
62209
83682
81812
49607
33497
39433
65883
60888
25891
15123
7255
10785
64721
36360
28827
33139
9115
42733
93449
58357
26546
65875
76178
48743
15728
88303
62566
51771
20785
55756
42620
82994
39439
24433
32602
72936
63865
98484
33824
89756
13608
41079
541
78328
77438
29368
11467
86553
72100
4917
44911
98646
70791
21089
47389
86518
9392
9956
38290
30177
65712
80909
13171
5151
5343
45772
78087
69207
44256
11912
58964
57863
52990
59504
36192
30429
88872
47658
16982
60973
52575
61892
59620
23366
82981
7009
9884
92372
16965
48173
22549
82677
29083
35719
87827
34425
81491
65914
3633
25747
77825
62596
83610
30816
22101
19802
61244
10974
67460
78226
71946
20036
40119
31566
43401
23100
38575
53285
15473
55540
1458
38022
38217
30541
73741
26045
64966
55232
91959
68598
80978
69785
31195
64589
601
53296
84391
61845
64269
51851
40071
36216
71887
80189
67781
15288
3290
6356
68572
18762
61896
70030
56783
113
571
30524
26157
65537
85755
18116
34136
66734
87901
65330
31323
88501
18627
15714
50346
82895
67565
90417
19111
39452
70606
86892
54740
73896
93248
23312
92657
55144
93342
49441
55257
93912
79964
81414
59450
65720
99529
93585
32454
87431
58916
63777
75932
77542
79491
26279
60438
47056
16696
79549
86508
87302
66441
41248
61198
59690
64560
53856
14835
57902
3297
70091
51815
83261
51505
11265
48981
51035
4850
81435
38466
63765
45212
14399
41308
24704
40677
1746
71759
57372
81294
58268
44674
47736
99516
5873
7426
64076
59728
22261
21979
63024
92351
73794
46285
43856
85058
95266
94891
89908
76701
33357
53674
21914
47755
94982
46617
88431
96727
18377
45804
78022
76644
90478
25759
76161
96350
33185
40238
56078
55445
62217
19103
47796
36011
65388
91652
21069
60654
86543
10978
37356
19901
64652
59269
67655
59634
5886
56087
56362
24263
1892
34384
908
92369
60143
77068
88719
93327
17307
44798
48772
79523
63901
96568
15534
29289
88220
36603
89943
74764
47581
27299
94664
12233
86568
62319
71866
92454
18407
28229
16717
20298
62612
17624
12667
22755
94692
1387
16083
11999
46185
64854
91522
10086
61423
7056
39375
49643
43659
29318
24407
91239
56616
19071
3472
43184
81390
75338
35638
99796
3567
52355
20095
66179
69979
32762
88934
64671
34148
5017
76670
80333
69871
68192
90418
31294
75248
29794
80937
18907
59111
5344
10146
15728
24415
13617
58912
5806
88955
94550
5603
92522
46905
25697
58701
16884
58458
47635
81555
92606
52652
58225
72940
22524
26417
63358
53817
1666
93151
34755
20572
52263
40099
30717
67990
64513
44334
26902
70318
33289
21453
75921
25811
68357
1618
84512
85241
60076
32148
66796
52683
84800
25021
25623
7324
51438
88981
61141
53103
82133
95895
73674
34396
35994
4392
2387
508
48725
29289
70826
82014
50741
46747
7826
19099
48365
92338
4340
8442
24486
71135
61124
9286
96156
86747
16610
47595
75728
77750
699
57861
73646
74372
92257
9641
78764
94643
10148
27490
23932
80974
9505
74673
27722
17330
93771
76086
9669
98110
84527
34154
69246
45651
43440
65403
32399
60049
12998
8127
37800
13696
65988
11446
88068
58245
21087
66832
52888
31235
94322
76820
12209
3827
51494
39930
21157
45265
16017
30825
43376
544
64979
12623
46195
8419
78025
78593
68467
91022
86719
6268
4719
52707
17714
92786
10953
38800
59619
63841
70034
53941
40662
82242
57768
92155
22173
78924
37420
38189
9749
80796
38732
74727
93418
84927
83146
71443
63520
51614
62466
50240
57881
67184
2948
75594
59971
13900
14395
19590
77741
84428
73531
18403
66671
31299
10558
88843
10224
47978
27032
19973
28774
65764
94700
22192
50691
77846
93634
14212
29460
56101
64452
87341
23285
67399
62936
83255
81299
77330
2846
59041
61758
76376
77443
28429
7676
88000
17273
17899
35979
44304
37871
64752
10069
32571
86944
60760
10418
80579
74972
39878
36680
39424
27219
59964
6824
90154
43220
88123
67485
46065
47164
29243
22442
24607
57672
30117
12608
74944
48016
48587
19249
85886
13339
29317
18458
283
90077
28875
80861
65049
68753
17542
4473
95971
77505
11297
86126
20726
99419
53611
66791
46584
82854
89232
71190
40527
19350
83798
15471
67365
32385
34720
53251
45724
64037
71709
46007
54114
585
26869
19163
69337
44410
23636
65309
21916
34933
51435
42641
34352
5047
9432
80935
87901
98664
52126
28428
18014
35925
43899
85378
68310
78618
38630
14034
42656
10339
60040
96769
10924
86909
15933
80260
31319
39569
45569
53234
74501
97004
95875
8853
2051
5308
89788
89952
3972
41914
18380
21986
77839
62279
7364
46149
40898
45994
60183
83553
56333
20224
80322
67256
7133
96255
47516
38451
35824
93085
91685
10325
90089
87560
19177
92140
92867
8966
82092
96839
50880
473
18825
28719
62752
26189
74868
3650
72182
35051
87202
28515
55274
67525
95770
62406
63780
43287
857
99604
36373
92542
9929
26463
80102
29106
18603
72970
38071
696
69809
88951
1169
88634
17670
63920
14823
92537
67569
87005
27589
54772
15521
82862
22298
11292
45268
86078
54578
46125
85682
90951
38667
95611
17414
18770
24717
36017
91739
62788
36712
61549
51739
37880
50184
69409
1800
65006
61947
69369
52012
89535
24142
67532
72397
46439
78823
17666
32518
33402
63790
18201
24353
2458
13812
41766
21227
38528
77782
12967
1317
14495
74515
53055
52375
24699
22465
54174
89705
84411
23544
41717
73946
47685
9250
46344
94124
88072
64010
26642
21474
27801
44842
45827
30258
58654
87593
51485
97181
65376
64451
98497
79870
38967
51553
32245
63665
74017
86419
53371
58429
9963
95088
32376
57648
4338
78719
51772
92410
42730
78414
13885
70530
23257
59711
789
81910
47305
52273
79092
12681
16724
77590
92551
55691
29143
24796
19357
3161
11216
72727
61589
21179
67816
93964
78826
72154
72684
30599
64564
15414
9013
78449
85944
32270
38160
86732
14180
85464
39005
93271
98145
55729
70861
90696
11420
5
15493
30777
3166
26709
3504
64755
47887
71320
58720
26714
43474
31405
57312
8039
46818
66325
86487
32763
98594
24648
19495
12775
10113
58500
6046
8258
14229
76907
98954
25649
76912
14447
56425
80077
41155
59929
44832
89042
31249
3552
15756
74723
34956
73067
82761
81774
39393
69249
14538
37988
93896
34032
50762
4009
92531
56808
12267
6761
33715
11221
32410
10628
25668
88834
90704
66822
48764
35537
55864
80013
39089
71620
54736
74045
44688
37498
55820
84080
6747
70357
22068
643
4390
72829
4652
96921
29637
16918
3682
63352
28138
36092
73979
53805
24926
64684
20628
73690
221
76492
53703
39310
48112
8439
13355
92800
45937
69174
76880
52683
39532
98948
53325
43921
71778
57976
40842
1416
74894
44524
64767
3033
80615
38747
56838
5542
3431
77466
79231
3652
53958
32934
42961
2071
41373
56316
94870
87309
25491
71751
39992
65022
70699
93317
8943
42477
51294
49785
43892
26189
94308
8660
29221
74923
47406
86058
80464
50837
63524
59695
54488
17483
92629
97449
19554
34003
53766
14425
21313
79256
86176
61304
44279
56875
54622
53222
99352
5917
3007
43245
32105
97314
51905
61325
72237
99311
47384
52702
50148
10909
12397
4637
28392
5027
2087
47946
39029
55852
62370
60341
35109
48546
21646
79388
5422
76268
32610
4775
82184
35616
48019
14289
32931
99924
75614
5169
99235
22999
57870
49383
33907
70267
54020
62299
75293
56106
10245
14323
11959
72614
74663
47067
21161
96309
26455
26582
72577
59065
31356
54761
94681
79375
69050
27612
79299
44665
32781
78534
67663
90650
27918
1570
60918
81937
63869
36212
38044
74113
50534
50002
46727
25198
97069
67888
21507
23525
94469
94083
82589
25826
48845
77270
5201
17895
4883
84500
62560
37663
63035
30223
28314
90952
31793
89231
72890
95661
25443
10934
69774
75977
60935
16502
1175
58005
84389
22681
81529
78859
16765
64119
4685
65610
41389
9886
83505
46272
94386
46065
83935
57421
76287
12249
48374
8080
1481
21265
3741
26924
32198
73514
2902
93133
90016
4076
51139
74405
26757
32668
53265
43522
96786
57949
9132
38176
67835
92636
84448
62221
38701
68383
19643
14989
80632
68017
23068
82113
89281
26809
9037
21480
324
11938
14614
90339
16014
65752
64745
42770
98420
18010
86291
95207
75959
95423
33383
43794
88059
17832
6016
26761
86214
25659
41749
66847
93675
64817
48960
82957
91625
57996
4437
91948
69934
19050
82287
85948
84802
47033
28718
83222
65042
15010
78429
41001
10433
11813
84795
98492
29644
90810
25254
15859
16470
67002
82705
10145
31819
31665
93101
23444
89661
97538
15393
59596
16589
97679
45544
1391
44712
74262
84613
9755
89272
63042
50755
99705
74855
35551
98197
4500
26362
23452
20358
42831
90453
3064
52975
22273
34729
46077
45717
24391
43615
61109
83986
60203
58789
29531
61593
3502
3794
46207
13256
93065
9249
64011
92770
84104
99562
90968
88603
25924
14420
8961
68754
4874
12025
21730
27147
46753
67807
72864
71143
11422
33973
55130
71624
92762
84661
33218
96263
88454
79424
9520
81519
88673
73530
74290
72777
73093
65259
61381
99016
79679
70341
67771
84552
82366
89501
11700
29119
57308
84563
263
68729
18537
55392
40354
11299
40054
73572
7563
28508
52997
17082
10028
41671
90612
84318
14449
63705
49577
75829
62722
29256
46171
30493
13809
28537
19994
25508
57655
77301
10071
57917
46031
28608
13310
86385
39906
53364
59957
47469
81871
12955
64551
91899
54625
55163
76217
69073
18869
25794
44902
81590
55049
91072
12084
68857
19609
32077
94365
77264
9379
4437
35182
55410
33044
48492
41795
72950
1856
1752
20419
83727
14707
84969
75626
69331
40133
51844
38404
59001
77637
83306
40592
32687
74379
52675
1545
93987
84752
95909
71252
94131
346
6435
49541
33390
54926
91335
6340
56782
93087
26758
40509
7794
11727
16136
77124
51860
67979
15529
10861
45616
98835
51452
78303
73214
4128
79847
67202
88880
75757
38454
83011
76103
44888
32552
9493
99814
23888
15832
56596
16975
42589
97104
24769
54316
13240
1894
6176
81219
17423
17037
26835
16258
68489
5139
89471
72617
84985
56673
61497
60743
95126
44508
36846
40015
77059
46338
39829
948
62169
96424
17922
4759
93529
42690
59075
6770
44584
65251
87988
62006
82288
14824
78263
50777
19962
67734
23395
4948
24407
84891
65690
19534
29399
2536
59548
6459
48873
99377
7406
11043
95802
25328
15802
89331
68018
74877
96101
12602
40128
84090
74607
22417
98913
52871
73194
18875
20605
96588
23823
45012
81479
89512
64545
10879
92048
24094
17338
40921
23471
24743
51964
19274
50071
67765
8606
18089
42642
4707
30690
82770
88796
5298
5187
87710
58168
78380
6585
78773
74969
30408
23785
56448
19920
88330
67327
11968
12424
84664
52889
35895
9408
4854
55168
59478
72618
63773
77566
15261
68480
8257
98031
57276
13555
3219
44986
71722
81599
51571
50496
56568
81978
74280
13017
1899
62610
80343
13867
75033
65008
66756
10929
74415
71609
66096
33893
44228
29870
11460
59489
98349
19716
57520
55626
33271
60739
613
4994
42338
52183
55489
98905
34162
29769
11923
36061
92379
92265
49928
67413
57273
16684
78341
31689
88292
44438
65581
32521
74308
77040
92009
72657
96756
49530
28284
30028
10269
28896
35021
52606
81079
90509
51512
15242
20279
63434
51302
12658
55700
1231
80070
12974
17914
58412
44662
6207
2851
10244
38727
77158
87284
30737
49815
84041
80266
78098
14069
90534
6995
49089
43141
88073
39599
94652
3315
59877
58087
54617
72535
13788
55847
52606
26761
73761
11019
71423
79967
13869
81666
18695
91026
68951
49432
40842
52992
29698
18940
67060
20233
25935
16150
63373
14008
55748
58026
17323
15626
16114
71940
88161
29901
27788
40767
56662
1549
51786
28085
81516
65654
9752
212
56680
78702
49643
97521
31695
79341
16462
98754
99573
42396
14904
62947
56404
70652
20973
73727
86278
37087
45667
74439
66987
73454
15207
23649
75002
66992
51734
56519
32646
61486
56730
89325
40189
6374
86847
71883
85714
3310
70638
85288
45705
85542
48235
2110
56194
69208
75836
42472
6295
21504
16911
73282
94957
32117
96930
69960
99108
48665
26479
31755
10151
83209
21081
50339
89582
7928
22223
75297
11238
92860
60585
56942
78402
8820
59052
34596
78028
34888
77068
84323
56391
93979
57605
51349
26097
54536
21310
25206
3201
47789
56960
13352
30998
78040
63690
20581
85968
85913
95878
97205
78773
56463
54148
57175
65283
13200
91771
43311
48088
68840
27635
4480
62819
85239
55829
88915
39775
77138
14121
42975
24927
71080
56326
55925
49121
20017
76506
35090
5930
72384
32296
84703
28847
86444
41879
94129
99644
33650
37441
47732
2491
65076
52212
65309
50315
8041
54225
90089
85178
68345
33065
10106
39426
89391
66030
88547
9408
42536
23638
15338
14920
55933
41
43767
42378
41919
37897
42022
75569
75338
89754
78059
40414
41966
43369
90728
50007
97593
80818
35185
65939
13883
45291
5365
3274
11321
93912
12682
53857
17550
28019
68776
73483
28060
12544
15861
69978
50440
57882
45548
25778
47637
23607
66191
89602
66976
56920
39609
64569
37738
74794
30508
51620
20085
35873
54894
31406
29785
67575
85262
47334
95593
54039
20818
23653
66582
36678
93631
17022
94560
39179
42800
42198
62786
8992
31800
29762
65911
71409
94331
3649
46203
24840
55269
66288
60712
10163
97693
90497
77738
82955
37832
73332
36995
58649
96984
3577
95327
90616
20599
89888
29796
63399
32086
92581
72390
63886
22344
38301
35295
16676
41950
81498
41515
97219
47786
2228
7383
45480
92724
85120
28436
30556
58452
65430
89205
55437
69006
84532
46054
89605
74420
75849
53004
6507
68431
25395
70392
90775
63696
5687
7451
5647
87185
48966
2866
34971
51193
10248
80451
43917
95368
8887
74473
53820
74316
63678
9258
43323
48211
55311
32929
22632
31160
85932
29138
99591
11328
99529
90366
75023
5217
97816
80669
92401
46782
83534
27373
97975
93782
7825
41893
89151
16711
16366
42971
91026
80044
52229
34350
28255
7541
67278
50886
38700
53211
80024
38292
64538
79553
28658
39562
84770
26475
20231
77172
73257
3766
4546
71232
97548
12370
13125
86699
29080
29490
29671
20107
9534
81899
54456
37789
89439
21735
88675
28140
74945
68699
66431
39484
48253
95089
79046
33023
21564
99276
10196
94820
3043
14741
66052
592
27110
79177
87290
56190
8668
16961
76297
18202
98860
30753
55990
88300
52488
44665
16441
27434
13364
82872
66918
61616
77961
45964
94639
99525
45240
4835
94345
48283
19576
60398
48874
46686
39576
36165
2876
48243
53125
79172
66444
51986
9926
22434
40287
62413
67099
56727
89847
80462
39599
56765
42079
17561
2729
36718
17086
47969
41553
11432
96251
61128
71830
45126
7814
11406
81290
10690
59648
34416
89861
26092
86401
99787
48526
26688
62201
15625
83415
52048
96086
23014
8813
38166
40574
11542
74883
57660
59510
16437
69091
55762
77564
40922
888
85377
52327
82178
96066
11976
16594
85928
38067
2995
85716
86592
29683
47917
2218
13098
99965
98303
36112
8779
36470
76686
20320
11353
34347
79829
27789
3438
35592
5354
44360
36479
90731
96686
18658
86797
8662
35251
72726
46729
38246
58442
33322
67929
6360
35539
81026
6325
33843
17139
15103
70312
93824
35422
81665
28171
15252
9455
31609
50843
14808
75969
87322
5539
72655
5980
92336
81317
41231
65062
28047
79476
23505
61368
47405
29864
96907
28432
36188
30750
45570
51291
1062
39395
86712
82726
67566
1965
92181
99175
52808
6989
75144
40131
12528
47800
46111
4864
29117
87341
69926
57164
66817
93431
18533
14223
23295
15440
42654
59483
46189
88224
10774
47251
27619
97486
29978
95185
99450
22159
94360
52259
29148
69504
92389
41675
17304
38500
46539
46421
25842
16466
3585
92658
9897
22117
6882
33192
37557
49535
92674
83745
37760
3449
30996
65379
936
60974
60564
387
83132
54924
52645
12280
24428
45035
53955
41731
83534
494
88152
9376
16960
91736
2035
26856
13854
8917
60047
51410
58451
52722
35156
96211
56171
66152
61590
57106
27126
22154
57493
10258
77077
10138
22538
1506
55172
76492
43236
38707
76986
31389
48083
93945
23126
50117
20802
36979
59033
80848
88389
17485
33571
23546
13697
89742
89697
75286
46849
16823
97439
4342
27080
74517
14479
49618
76022
69651
26110
19259
8358
3097
50647
56441
97041
73772
6558
17843
10752
65591
98691
99141
83076
32263
22687
96772
22006
12384
72059
68854
29207
69498
73195
56287
44016
87674
5905
20038
57326
32015
39297
65684
35111
89943
22125
32153
63716
28683
49996
74468
94273
48687
73609
77350
80950
96295
74123
2956
8680
46182
71810
37886
15680
45006
94172
59696
32681
77
79733
90006
32091
19031
55690
67202
8974
77815
99354
72690
6498
49350
47158
772
98037
20767
78122
78988
17063
52245
81943
25743
98426
53754
63628
14107
98759
57801
73802
31440
57877
53536
21446
89968
72566
77136
57171
81540
54952
56525
54230
61449
5876
1389
62221
3914
22155
40343
82901
39218
92587
64845
64960
91014
18599
28589
5121
17358
86389
78923
48798
44267
32459
70244
34235
5026
47380
91406
86565
2333
47932
40796
63782
53807
42184
26003
57721
64339
66346
40622
3558
58934
5468
68517
49948
24066
97105
55069
41424
83495
33992
90221
27762
66451
60465
61996
71476
7846
53402
58042
10179
1335
98838
73960
55141
41022
99963
12863
5362
66309
53485
8919
25243
58952
77435
75191
83018
74541
30260
24443
58036
64252
14664
85797
30703
75129
47794
2180
82975
1197
60222
93153
2531
59060
67113
57672
83
67076
70535
5444
33386
24020
14362
58629
82971
91797
33820
65990
66339
64080
90432
24376
28332
5097
10174
59035
80226
57968
61215
63201
59165
21438
56355
61695
80497
23469
19368
80580
90545
89902
86023
23931
13922
386
82559
96893
92183
16380
62884
58523
80459
53316
82898
8792
58413
93072
67827
38639
51040
29043
1841
10205
50480
58196
71900
30977
81664
91268
11557
72210
81171
97580
96140
95093
97966
78700
91986
90150
95079
54871
48673
75539
8188
31572
84331
66600
24645
52158
5240
75684
81200
7081
85889
31680
65277
57790
62657
46941
49058
74214
19151
30229
71795
15292
25322
69761
93992
17309
59912
89071
72179
8586
64611
80367
40157
48942
46968
64802
1101
52207
40487
82301
59288
26376
13982
24565
84165
76638
71506
33224
50853
90657
63453
22648
5950
88774
92409
99941
6084
52322
89013
78263
60907
53624
58630
1065
2567
5598
65866
3668
57805
6353
85968
17094
32728
99950
41659
16894
76588
13166
50118
27442
3823
13571
50090
9773
2346
42500
9714
8429
94821
98726
86692
55728
52351
45323
56792
54917
50920
22658
58585
8726
29011
44553
25820
61739
44503
67478
78632
21092
80644
28751
48534
84466
42321
98623
94238
44666
41123
3953
53095
35944
2679
39788
91672
55029
85110
48464
9947
36031
71122
68531
44756
133
13085
70576
61871
57587
38055
40504
78679
18699
69254
27214
3165
11576
25837
97403
56241
66960
1356
9337
2904
4035
49124
94576
59063
34234
43040
69009
70264
14163
37541
15021
14295
50625
85596
76166
8213
23652
16670
86891
42350
85924
14105
45514
97499
39942
42918
53741
6902
44274
63077
9806
48308
12202
4382
7372
46435
47422
76381
16700
61584
13922
31721
75879
64546
17318
52045
72758
40969
68715
59650
83318
54639
73755
28833
52139
13698
71751
5880
20600
16025
68956
30405
64333
81158
34787
71705
27593
82208
48086
44293
43793
62007
76013
19672
26554
93331
71717
99312
34300
40432
58963
17618
95071
32719
46451
47210
46416
18202
53089
67015
34226
22046
97420
98559
3204
32207
70264
30797
14416
18350
75090
58208
80357
51104
77880
6912
44435
49597
6224
78734
90029
65187
96352
85100
97905
42803
32311
44321
61004
85400
11337
95230
7446
8757
93790
10650
40964
64054
41447
55379
82404
16537
13588
62761
67641
91467
69673
12076
41065
75897
90810
31095
41084
87163
16196
38989
29966
48506
83310
90970
33906
94646
86201
41352
3403
79991
52001
44366
44046
93447
99745
26450
9985
13333
89211
77625
4801
58885
89701
45865
34782
80511
76960
75865
67674
93155
14854
97640
41661
98163
88611
75566
92809
74813
16919
96212
54805
68919
40579
98850
62367
40324
25301
72352
53656
14513
49977
58457
73397
39679
4323
8179
20190
81282
84043
87864
74437
98897
85505
16098
97060
74116
91664
89870
48930
8584
86083
3735
77502
26662
2586
39870
66986
27886
12222
20642
42398
62199
79099
15795
1878
83421
23973
22068
64703
8017
9932
39141
6914
95436
55239
3975
69553
46904
93845
18484
55487
79929
22218
32989
6591
24804
72859
73576
52689
85080
94218
95087
47280
73318
10883
49157
56739
34856
71224
21442
42872
81156
60583
49786
76592
15822
53761
46146
62725
47606
64629
18212
27535
86847
51201
34126
11651
24060
7703
64340
9141
1922
59427
56420
75239
70309
5577
31979
5166
76801
53421
48037
57957
14004
97822
34550
29825
51583
80696
92549
99189
45326
10762
26725
32174
61962
60851
43824
86021
68554
8165
95162
70475
67591
51582
45715
37901
57159
77693
43066
33960
31114
91103
91917
45118
88926
26468
74942
40510
7164
67492
39700
52490
78253
66424
84663
40215
27276
28488
26237
95829
36652
21399
66305
4244
72981
12020
42144
30140
89713
85210
64100
20828
76313
56018
65945
65240
82485
40888
5750
89649
8380
45449
42139
86632
11874
26803
26848
39149
55290
53085
34978
91941
74484
1284
96184
47465
13303
38329
77605
3017
23539
41705
23845
99852
97722
89789
65092
80208
30677
70842
69857
39057
16292
11997
25689
28165
38799
52537
67313
94088
5623
2292
86029
80106
3575
82214
27572
16878
20543
5177
19895
44081
46882
43739
43934
44605
33529
9027
24813
64206
79868
94669
3263
96159
6667
28952
24325
45465
81489
91637
39553
87111
93929
25583
67218
97504
7797
94789
14382
28339
99966
34276
72420
46848
78015
16355
91452
11544
25381
16265
75750
5249
10935
79012
1409
17601
7965
25733
63065
89453
17371
2619
76564
11300
28202
43782
8804
35999
38572
23186
64337
38538
57462
36758
85385
35477
53112
76837
47021
78493
93102
22771
83741
4037
1784
85150
21638
9748
10883
84703
99200
28253
87321
75765
39553
15524
19548
48357
51522
58119
71542
15860
96657
29004
52617
82042
64481
5730
58880
11503
84222
51983
34274
67964
56020
36057
53114
77657
45805
63997
62360
45006
92250
49682
20772
31804
65205
40319
80160
16727
98438
51703
32586
95095
80706
85203
77138
45188
90932
36019
56690
75155
88002
90963
43120
44022
27021
96234
21679
72825
60231
84039
17832
52482
33721
38603
84285
98925
78921
64446
15653
77360
16149
48238
72456
96854
33442
49595
42043
24375
85614
98733
99529
73616
89697
42650
17638
16718
38884
39317
89543
99115
23356
7375
51597
57076
45978
35883
56002
24899
329
71655
2260
16477
19894
74715
13332
53335
24311
55374
77709
9925
54107
77239
83541
43805
19889
1179
60522
58772
40496
50066
57888
63851
57441
9485
20928
3419
45367
76930
28318
45696
48585
30577
62172
68478
5293
75503
21813
29603
30878
99522
39528
84985
76761
23069
28790
96650
24248
89311
55423
64743
39378
13311
28595
96818
22795
49522
237
68162
26453
28554
13858
75037
59131
76030
43516
64424
51533
65329
94027
82411
64851
33555
67396
41613
56624
96185
38263
80872
85497
93685
45615
24875
6996
74210
21694
29791
23732
21931
97953
50185
50485
11812
25222
9616
87841
68738
74039
39375
34067
68067
21786
98917
1622
89181
40530
58246
85367
78793
39118
70864
72478
84733
95739
79474
58943
17433
9266
82675
39363
7220
32860
89847
19031
58081
99463
6873
26819
73503
46248
60886
41570
68034
59803
43192
57215
334
1438
42583
79126
40556
13447
51605
25289
9187
31079
84231
26620
40345
66906
65982
47564
99765
55830
66595
57847
55294
73468
84666
28797
19716
45552
70367
87749
5356
13559
44965
5689
14997
87547
84814
55552
995
36419
80840
10182
67498
65071
36801
7843
31978
2784
55407
31743
58614
22002
89590
13908
95470
74256
42705
15187
19809
13072
2937
25164
26630
47902
30852
41627
35449
15667
97178
36444
52085
78018
46625
19583
43090
83426
27426
75068
86209
82832
6811
44823
4835
96401
58730
306
70657
1436
15492
90465
14507
18428
15630
41137
66329
46481
82763
1779
62147
79941
38223
14233
57960
84848
33816
1051
68274
61241
76118
54483
44074
82929
99306
48909
79330
58037
49214
49988
59472
64706
40454
73978
83134
56083
15115
49463
2565
97877
51242
64711
77819
89465
78943
35780
74313
12760
36830
42588
74000
12948
97070
18075
95877
96377
66983
75208
54414
16198
25196
13886
80903
65650
87864
64037
21733
2980
13501
24298
858
64743
89008
78676
54208
67952
14456
28522
80711
51286
71109
54712
64234
68180
72786
60111
64557
39770
35320
18972
55967
60515
32857
36871
26166
20722
908
47899
23701
14409
72196
24559
79151
61204
3235
33359
29157
17691
61880
9869
68977
32990
64580
33211
1170
37367
93322
65726
77136
28642
84697
33103
89157
17555
69974
15323
38277
70881
63221
61978
85290
35418
86536
64441
96622
89771
97800
25779
7462
59681
35647
76439
92670
228
9650
93839
37594
2972
59566
14730
31613
44264
47833
20771
61819
17807
36093
96
88688
99314
62073
73978
34732
48609
38420
31354
38381
36221
57133
45843
95901
92780
22282
88572
93007
31931
82412
30601
34903
41979
45331
66516
86242
93164
87286
48062
10971
23380
48157
99659
22694
10231
73638
57426
58840
12058
88780
97220
48279
45913
43063
44180
38693
65344
32753
31700
97275
15165
62301
32178
57143
7632
98693
43386
796
85980
91447
11767
9360
39605
11427
32054
49835
85064
89479
8676
97122
78259
5896
45401
24173
48959
89581
62865
14304
22334
94565
11579
37499
56866
43757
94641
64498
42451
38028
65294
28431
29475
77061
37791
69079
88487
69844
18915
73552
59324
27590
70675
37584
33486
16077
61756
82444
5658
24622
96747
27992
19187
8327
65490
76053
52084
60132
40552
94534
98159
5847
22965
27634
82907
60756
96713
71395
30600
15629
44947
89924
43218
15623
27508
76703
31699
89264
59148
37356
13886
55895
65347
33073
64222
30838
9127
16306
90969
49678
10840
89128
55524
33805
16763
38432
94561
13477
9827
25161
29105
54774
15085
72322
70396
42593
49026
2095
31857
8174
39451
45742
64069
4799
78814
28291
35636
87941
44597
26605
37619
55437
15734
93143
89242
32496
31575
83803
45973
41402
8964
75077
96175
24049
47400
66571
66641
96425
68666
98497
4599
8117
44240
68668
12915
23055
96958
48550
10996
41556
75155
48615
96992
90888
41759
86234
23385
73334
70038
69357
14736
79001
44434
10911
3051
91834
77482
69692
88259
46149
68189
92858
54265
12429
61526
67180
35484
58485
15731
46479
42
90886
95093
97033
81774
36852
83268
5160
10186
53306
74516
24922
32308
18951
35833
35359
10785
13316
5051
99044
59464
73239
91903
13730
85668
53429
80909
21152
11915
96640
67631
11956
87526
62725
8990
69300
99576
92257
74460
9763
45564
48976
34685
77872
67927
70517
13231
78712
83832
18281
77757
43296
91520
69660
57026
77189
23090
37935
98340
35004
34575
65972
46960
22102
28697
55949
91402
28274
48207
65862
38036
93771
14839
72721
71643
82765
43238
84874
61478
27071
3155
39235
70367
94674
8896
27393
71863
31985
65328
70204
66989
99903
36176
13949
22005
64873
69898
13407
93146
18106
79269
31183
11877
94107
3904
83520
76873
47141
68394
38351
74212
71549
77586
44579
66224
86481
71972
38088
18466
37300
8292
85454
37204
44468
99403
59208
9341
69302
72615
2487
87407
51884
33669
99284
45991
37573
82804
22865
84714
51199
61216
58926
22749
38802
3506
88972
25284
75477
27060
43749
12778
35352
29204
49981
79820
28608
9190
89160
97909
81804
91647
85316
33688
25317
84601
79679
62889
67406
2544
47603
18605
63759
6530
41353
2562
10035
30326
27845
85512
57385
71594
98289
92736
799
48270
72556
29406
57459
61717
27315
39264
53365
12632
72951
78681
97232
52631
41571
64638
55175
89173
83243
18934
95702
24597
21496
5738
54922
49340
91249
12308
20934
89538
5045
21732
37809
77600
51137
95268
39318
78452
34532
92682
91084
7484
71364
88317
60115
12935
52956
15290
2109
36199
34224
97811
60796
55719
3549
15719
5059
94797
28026
25993
84335
33070
47725
22145
10671
98861
17414
49988
77314
51945
42671
68399
59429
14035
56716
19545
26970
9672
34834
29078
45871
69057
26889
6668
24777
30437
22386
29836
25235
50412
55828
9571
83482
3553
31715
94152
2415
49128
44141
79729
1074
86812
48128
60503
847
4844
80047
27817
14516
14882
56894
60387
83938
83783
67054
8716
14221
89439
38551
39455
39852
94379
49026
23334
97931
80741
17487
347
29870
61627
80075
30944
48439
28204
91446
49286
33048
71494
77102
47563
86375
33997
7950
70314
17781
75004
79029
32001
64444
17581
71456
4296
11960
20482
27629
9891
1223
45116
10238
31093
6744
90313
62036
55183
18517
53482
4469
51564
24976
81571
99127
11352
15569
7078
81665
33349
82081
60695
65350
46525
78275
36807
50820
90234
57288
78449
126
58511
23566
10364
89603
30309
677
51639
85491
19193
5122
89960
70757
30098
71531
69884
41449
87100
76962
23115
20450
59043
83809
85799
5568
62085
22606
56388
52320
79894
34838
52446
38406
58403
62809
28010
88711
63485
79649
74202
82678
84771
64163
53435
14869
35694
23320
56318
22795
282
79433
43244
59325
63243
29044
64892
25328
51650
21281
77648
31545
56119
30094
69950
14522
92902
97960
3234
56387
77610
77436
39066
62381
41599
92500
77250
77293
15821
33569
88
16102
13002
43332
75426
76244
72375
40319
1573
24026
61600
79220
55570
17719
9314
25521
32241
2217
23481
35475
58603
1092
12912
97669
63472
54510
90169
40722
31804
5991
74291
31892
22092
87292
75223
97518
63536
47599
37838
65109
71624
99437
44329
27194
17157
53643
52715
49398
55859
76195
84872
14463
77287
97783
12132
40759
52294
2302
81481
84097
8292
55772
15989
30384
43065
91212
27903
6602
38811
65740
71710
10435
65178
16040
37629
82334
69683
90343
31732
25542
66539
16605
40005
43826
14388
52137
84585
66681
54438
66067
50779
62730
21839
66767
93114
64903
57979
21017
71504
96790
86757
43215
7225
51935
59254
44854
34270
28937
35198
66002
54479
1738
82606
94483
45563
96994
46620
30149
63676
1059
96215
14455
63788
18055
81221
56903
82958
39201
77919
54462
35991
64676
97677
43216
16611
56931
88070
50881
85868
23268
16883
40347
25005
99489
34831
70568
96484
81451
718
60160
82509
96932
74614
46298
14988
55836
3201
97945
95037
81120
52408
31028
45796
50085
74244
62407
7017
62314
13288
92884
85582
30171
33232
10588
29660
68062
81156
26144
49513
81873
86304
32023
78806
60919
78320
93794
16755
81521
91739
11793
62641
44147
42821
8438
94231
17065
70844
1249
79379
84132
94132
64962
14303
27364
75549
43963
95425
56706
70107
44939
38580
56411
76961
17386
17330
55282
11181
34085
36804
2920
45877
99444
47067
88697
7883
41298
5763
78726
42547
85141
62858
36679
50104
77161
64042
25653
21124
59468
82358
91230
4408
20939
47642
81369
38325
64972
36651
49505
99056
73455
52424
44934
72900
99490
33632
80782
40789
39394
59508
83335
24536
22367
20014
74639
99527
84056
293
20652
43525
82651
11883
47933
3590
59524
29302
41914
24497
65953
91418
23554
39408
43843
68487
12308
43333
2120
93089
84122
41514
52598
67457
66050
74964
87471
40690
74491
71528
40982
95142
15054
23634
7026
62986
27223
66549
92287
69137
91045
58240
60555
14600
97647
4398
83086
9956
47731
85206
3045
31853
26720
55642
99310
92769
30607
86781
33459
5099
58310
74441
242
73363
98074
7267
36350
25297
73815
28637
94433
64861
86877
54989
79460
84525
59387
62547
94480
7118
47753
97525
38970
74473
53168
38281
67242
83774
25063
702
88872
83372
75142
89113
56736
73216
96379
93085
98513
70195
21723
92946
35057
8601
47936
14518
93126
7323
77065
87607
14440
24818
85132
53410
99291
38301
91690
66534
22076
16754
67235
10948
126
42377
62
56862
15594
96441
49948
14107
66637
71670
7054
1694
80271
54989
16212
73397
62312
93276
61004
76751
18094
46137
30162
17386
84437
21853
83919
6513
38606
51154
17461
38732
93531
17523
95593
9125
13964
45541
23232
80600
17212
30286
82294
97482
85275
98505
70880
47587
91781
31885
24339
9876
78021
54500
27261
62459
76353
11181
68972
14959
62334
86432
53691
55866
3956
49284
64991
17919
94825
88222
98519
12037
18509
80814
9520
3784
79320
80400
51370
71102
12285
75708
80977
90306
30209
8239
52765
6563
19419
21738
21522
81753
8171
75212
37619
12126
24497
2611
30045
19322
90833
28565
31359
9342
9379
40879
13125
88699
21279
64494
59801
33564
40203
40779
23870
70412
49018
76635
76974
68437
98372
98495
50190
6543
73707
87809
18668
98203
90420
48712
17526
81253
77277
48884
90594
86656
89763
3719
75355
11042
68213
35156
44605
8416
75935
68475
78827
24953
45110
55802
93389
43482
54297
43580
50025
28005
31390
68692
26209
21810
17405
43734
3063
94682
92618
93656
81338
82381
97375
56693
93423
65588
91849
38029
74004
67784
6504
52832
92737
51614
8634
86126
95096
62931
29707
45121
90935
61096
13814
17144
82906
31218
60878
85968
25900
53497
79625
7239
35878
77000
63931
29302
42588
55781
67330
16593
23565
73834
69424
16303
25449
78057
2430
20545
40988
32136
65665
31924
93232
79478
49067
76138
10697
9946
62106
36597
63442
41732
43835
99320
18732
7767
28622
61320
63547
95952
77912
87112
69787
47336
3415
95235
25394
5844
15780
66381
37980
81445
98304
31212
60924
47372
7350
71621
57318
69456
8218
20760
11189
52053
20080
29920
59819
48702
91240
23367
44654
69152
10480
14442
16489
13894
9677
41882
19738
25457
8264
57718
6902
6569
88930
67826
53941
96280
39447
11259
65736
47664
32018
76924
99717
52098
6845
59537
800
98084
82903
45454
67237
93383
59895
83726
7278
69572
25609
27016
95028
33872
84733
1931
40440
73663
69756
94381
69943
9203
5640
35680
56867
37657
12605
56585
89755
19450
16122
90554
17535
99025
36009
84771
92408
95903
68498
99685
65475
94106
26701
60503
27978
11435
62434
68418
85097
32190
62799
55041
41393
68438
90721
98260
6096
3326
54845
95850
22776
70967
86405
40310
69992
22414
25081
62401
18317
93578
62087
83792
87684
88788
44296
15663
223
6730
84080
85320
38920
46880
40362
80312
15319
31083
78572
21414
34409
33418
17265
57184
4385
3670
97493
74377
26083
22575
36778
44400
16154
98864
28192
3839
87652
72487
19501
87874
79217
3582
73195
18137
50461
13557
98448
65780
44639
77021
87193
79048
10439
4459
36232
14824
8128
33725
89200
34211
56300
25978
78611
72453
24843
6803
76291
12495
79290
95791
370
58507
99373
73564
76643
49835
87121
75092
15615
31761
52114
2809
10809
62552
7267
47040
77375
15395
80765
66575
49605
37065
92553
28216
9518
17396
35019
85809
29890
14310
81601
30260
72817
80974
3825
49461
30810
90945
24553
46424
22706
76666
49232
33514
39219
56499
80554
16595
71893
61319
83169
21498
98383
75723
49714
7902
93118
84733
93710
23009
99042
75311
53268
71859
56286
57093
21321
87095
48039
45873
33520
70745
22540
82751
4260
61758
39251
84813
78353
11144
46133
61522
32642
44516
37245
82356
52418
30364
67089
46129
53372
66132
21441
6641
37992
77726
63734
59312
64822
11773
5185
98341
82517
27725
81093
86777
89483
20344
71590
67836
31487
17723
29359
64129
62239
66604
46485
14658
96967
13574
60786
50340
79706
82226
56981
17698
59953
20715
77009
24775
32488
82193
23117
15005
9919
4210
1782
99401
24554
73372
67237
56041
91094
96595
20170
53334
63199
66655
67991
60167
80228
28777
10507
59935
11004
67487
77632
70956
88201
54641
95731
20690
36835
18849
35695
46753
23058
37476
46154
47612
10849
13392
3653
1944
9988
23822
55277
73186
90476
23269
33353
70705
52045
43860
30640
63049
11348
8273
34006
99549
62913
29738
20239
99747
48586
55933
46501
71644
93409
92655
19256
4258
6047
22908
6201
16034
46730
61478
89220
37207
84746
22574
7913
36792
66433
38553
99841
77780
46825
33847
77329
9738
63584
97567
9486
12171
53501
55987
83814
46910
48642
3071
51167
54688
25978
57368
70722
72708
18847
59942
9915
3594
82516
17828
40385
48950
56380
40226
26730
3205
74073
4060
12943
37658
1628
22429
49828
55128
78415
33643
2039
27057
36714
53205
81745
62692
10574
52468
35400
29420
12411
45315
33014
94926
63142
73398
43876
19523
13625
70606
22727
87698
74666
35670
25357
76294
58098
75184
31423
36514
8828
33461
63571
45541
86666
45316
8233
97239
97784
43633
26660
10195
88947
59673
5121
52090
33072
48997
71612
46697
19604
94339
34395
94269
30010
59751
70564
88107
34936
1987
24622
43764
35447
88192
89305
22113
33509
97538
19353
31293
41172
46013
41487
30119
5686
46608
82209
38758
95605
53822
85454
15209
48161
19850
9479
78170
79601
80042
66278
14538
82028
90900
58302
17476
79092
47607
39588
12601
45146
58941
43894
86317
4954
85381
16437
10640
31990
98646
49397
27595
52468
34852
42804
630
54701
52283
78800
34303
32326
45078
48841
14355
35979
7143
31830
15071
54750
71418
27672
99896
30359
71566
86213
35312
56947
2651
45951
88936
1297
95348
16532
53764
30200
59336
54394
84901
11620
33194
19205
43945
78272
68045
58299
14251
75188
90129
29321
29938
61547
56993
29835
91905
28559
16048
27218
85506
18698
73169
74443
19995
68517
90975
73759
98717
50311
28153
83618
61931
61346
2823
5876
39618
70867
64175
53869
46055
54304
83190
75993
15851
40183
5828
7757
68742
21876
34975
54248
40574
8145
28691
60568
76661
19666
34327
75379
69977
62479
58997
31908
23826
61820
37784
63444
32688
1959
17313
78743
56263
503
54736
72113
40685
60564
79870
9427
82440
14845
63675
23014
22989
92365
83582
99650
12032
17910
75029
82009
80388
34027
13917
4215
95846
51701
67658
28534
53660
84970
7277
9923
85472
62013
82035
26158
22578
61906
35585
5018
76750
99259
28032
99739
91625
11614
99390
3658
29523
74420
85666
9912
8448
99583
14126
4294
51285
81784
32828
4945
66754
40105
14867
52227
2119
96902
78385
24696
58808
13970
29714
35559
13230
57745
35299
4856
69359
34689
8514
98881
9110
94180
8794
17557
93763
22919
21851
45049
4703
54678
49993
71457
94783
64859
23685
96901
61762
2070
21598
20570
16040
51311
56128
29270
9057
91427
34126
78415
26116
42639
77296
35226
36819
86089
52782
30583
9009
74632
75631
13712
29311
25625
85169
24094
90484
8854
20996
52246
10924
42593
72816
26963
93904
28945
56233
2961
20372
90358
81376
46488
32998
58673
81713
69816
44763
34495
400
53771
9128
76031
67483
38438
1657
52652
62531
92140
61506
83527
44387
72429
26120
17203
99392
20025
46148
55625
22986
66519
45984
4362
13008
78981
63034
94720
48798
7797
29216
49197
61568
38343
25229
29052
76780
26885
81703
39312
19026
43210
22839
63412
15640
48958
80615
15033
68983
26763
70658
91968
93281
16642
96329
6289
95622
59364
1010
44421
67161
30225
93618
28729
68567
18847
57780
45347
45732
39484
84658
64757
82694
7497
28169
98333
56455
8784
13366
25438
35546
84023
17407
28828
666
13737
35117
96288
73100
36126
40709
40262
66351
34327
68991
34918
53173
26771
80265
98904
66255
64924
63661
48950
72421
91830
47283
28876
614
60649
54314
36160
44673
71721
64987
45338
85457
105
41626
58558
36230
82334
98819
2581
16662
67810
37499
69835
94581
17764
68740
60837
82688
32402
9787
55109
24232
57069
83985
24846
17719
38299
61005
62391
10021
25993
7729
95477
26097
49355
54035
62327
31690
52855
64908
48351
20665
2407
18186
15247
20171
86925
76083
2859
19327
85869
57967
43559
42939
41952
68404
60657
80251
29410
23049
90271
55402
30778
85749
81499
80132
39785
43826
11822
92639
8734
60173
13305
11141
78358
28551
31311
65284
4635
34170
84611
90503
92136
28170
33443
34089
96574
94099
14341
25984
17149
4612
81385
47926
90361
62885
28058
30146
6711
39880
22786
15445
53
36091
26585
78411
64641
57896
43695
69276
92065
28307
59779
84201
56476
93221
18291
53051
87321
32631
79034
4470
37243
60420
52395
27604
23305
80453
57750
30016
20333
80535
45460
20385
16626
72044
98795
81267
29941
42491
50543
22006
70797
10323
6208
27274
3545
24498
80324
90865
57128
59359
95335
94370
19779
47731
21975
43084
28185
79724
73099
48517
60259
18559
68902
76885
90603
67698
58153
20544
10189
8696
42550
80986
19018
48757
8260
22563
73254
88584
13429
30383
47943
8764
24754
67721
56495
46728
10805
84679
26452
83904
33197
86711
2464
2100
63596
93066
69797
21749
13611
79986
30445
56160
60973
49463
4918
69232
72025
78172
57817
85453
8555
5760
94217
33309
73481
50712
80036
84286
35392
6488
68190
68589
93199
70653
70688
56796
63719
40486
78544
77330
20472
8990
33491
81445
58452
38408
50678
30477
16580
8495
15931
25135
14254
10148
58443
87734
60860
38480
72020
96251
44968
40210
64840
38167
10864
35529
94962
74583
76014
73507
51913
96486
82496
85403
77931
40949
23812
28609
71426
40392
37103
87356
65526
51357
97504
23970
39092
58364
62449
11112
54616
7417
51322
19456
45584
62185
54985
40546
36769
30999
14054
88681
27485
96550
74085
5417
37499
97897
34025
8926
38289
71128
96281
3816
22486
93786
27786
61577
52150
90234
72689
6766
97651
24011
26222
43235
86196
81206
83781
22965
12206
97834
11647
39690
94384
85731
45107
31884
83629
79131
40809
21918
50260
37091
25734
72745
30878
53519
34323
83027
43754
7012
89793
41405
31023
16015
84640
17219
97221
68421
40184
9427
66256
51830
49117
60641
37562
94223
92525
21191
73355
33335
43109
23616
70425
68842
96360
1304
22361
30684
84330
66114
37695
74124
7520
68717
90139
92159
85936
87360
60581
26120
96787
26837
77950
45904
87478
15512
40127
80003
36703
13483
13338
79811
37098
83763
48654
33459
85066
71015
64142
69397
37129
1837
43521
44649
70554
33660
36808
56490
21020
97389
82609
17808
24226
60559
63711
11705
76071
3839
91707
12775
17321
5045
92585
54418
88808
41240
87876
73874
12255
52019
43271
49384
53855
86792
94032
24409
20452
30841
80899
41472
28230
63509
59279
52456
24069
22991
64160
140
26829
55867
12914
44150
60912
5500
98567
49720
46739
86444
23594
58994
38463
66865
8378
92318
53657
2411
16728
74109
33251
97626
15582
61480
61136
74860
13936
85204
97851
78095
85343
24680
33962
98257
68829
94874
3758
67397
44594
50497
53842
68187
9491
92305
35053
17869
84624
88710
20279
1352
62819
53529
98978
78400
15010
60114
53261
28945
45318
51112
7041
30662
75792
41003
28920
44622
35877
32677
12019
80470
83174
65861
48658
92664
58167
83710
10534
42791
72420
30812
44143
35240
84340
43122
13640
99350
3236
66900
28295
48554
18013
35335
79216
93804
76337
8137
38426
12215
40813
50445
92684
23987
16306
41342
16652
74472
25053
27185
17264
97472
57997
61406
32712
42338
4528
46352
41688
7764
13253
69982
56318
31265
5318
35535
25069
81655
43671
63494
93869
84484
13939
86554
8472
30245
27896
25123
4718
52949
52308
21981
50421
10305
83387
83133
52642
87915
29486
94329
95679
42738
64312
51998
74002
69629
87532
99070
51285
31204
62565
45154
15688
76504
31708
24159
6749
59604
49282
11467
12553
1591
33447
62974
11895
16835
46108
64537
4750
75593
58867
430
18331
23179
52427
92333
92808
39959
91404
44093
71162
53969
89247
86850
30474
20956
11010
37223
80560
60291
48689
93113
61881
82136
56087
73776
98970
2196
38313
3721
77788
97179
4150
96119
20359
56576
88452
13168
96535
79856
57261
67698
33826
46509
54549
64299
67464
65558
1522
48025
25849
50211
41138
87730
32347
97224
61506
31318
99419
99819
35038
77208
96999
39188
73327
17358
95764
61780
30526
92299
41637
87786
59998
75463
34295
14547
39763
1760
80104
41285
49784
5954
91495
90922
93683
23842
88146
55189
55159
87566
55008
90197
64775
52007
29385
38103
69365
25149
99882
99890
17449
41520
87677
77446
16983
21972
91993
56745
23732
72097
98029
73516
78051
89525
64438
71734
13368
52585
26924
68526
40152
81931
58724
4927
33939
88108
43029
3304
13258
42912
3195
30706
84432
90871
8153
1416
12844
147
58160
36575
72244
56190
10092
50295
45716
74529
22029
59083
27114
48952
27610
67265
30884
86333
72192
64822
74442
15222
68126
87699
58134
71321
18406
42566
62192
26559
43981
75036
26705
2142
11612
98948
58332
21703
49243
4048
96231
71272
63131
23346
20224
90740
90611
51108
77073
62803
15930
51515
78025
84056
39215
36159
55377
57620
78724
17570
84178
22706
92606
10883
24848
4218
9831
83179
25920
59074
87227
22152
30346
50358
45497
50569
41098
36108
1678
18172
98911
17607
69686
76936
1664
8901
13095
57041
66521
91819
74611
50699
14526
67217
61582
39373
71434
71413
22553
97354
30487
9780
19506
60832
60138
65002
11402
1236
1111
13079
19408
23
30686
89093
76958
32350
97994
90053
89391
64516
81873
64002
15216
96398
31220
76797
35772
2654
48211
58324
9
78697
68104
19514
39530
28242
84516
50932
29478
85627
64011
48885
85649
94697
37979
62608
27048
35973
52662
16439
490
34535
80440
15705
30934
11661
92501
66706
14314
40712
25030
14322
19410
93134
33836
58940
21376
18352
9873
50853
3979
73883
99738
89627
68581
37717
52236
95628
73690
4898
12067
74179
39433
92507
89883
70367
4168
82385
37073
18482
23098
62103
32804
42507
55237
66639
1448
76613
84991
11320
27467
88969
85202
27205
78597
53784
64922
30834
49412
38613
35731
61479
12792
75164
53987
2676
45531
58155
85061
82603
76636
8159
44707
9441
50665
99944
76079
52113
76557
61071
63432
4024
50041
48635
31229
28639
2419
96151
59472
51831
34764
95203
13310
47556
70367
67296
50231
15898
25451
35292
98501
2088
43450
43208
11528
94115
43152
87607
46228
19710
48678
9661
23734
98719
58295
54963
27358
60713
51114
86829
12544
85877
82032
25854
33433
52399
93150
83664
68297
18602
18957
66798
20689
62407
10006
32217
56523
53158
19824
2752
72868
68502
12412
96601
67222
70706
51564
94579
31419
2679
81409
43963
88556
63442
69816
21989
15841
62966
5654
84137
81567
24611
50936
2257
87017
60942
34473
43540
14101
54297
46291
86968
22800
58702
83569
90021
29409
35134
84601
60828
37812
66010
4791
26368
29452
74607
48357
45293
37574
54011
29431
19142
78621
80366
21398
65638
41308
55871
9179
55408
10169
55470
42377
32969
14172
25946
22990
43581
61080
7591
4409
98892
73601
9200
25261
3053
83806
73618
48345
21380
27629
77775
40522
6251
58141
61920
71888
99449
17792
81067
54858
27960
36537
97234
60928
50709
23181
83918
94289
84260
91509
98698
83153
65110
7898
8414
68162
91703
82031
16508
13084
9661
94282
53606
15911
52424
15526
87799
51874
33317
68866
6732
61276
5404
3967
22205
56112
27147
6124
50402
11408
97632
49100
94560
62743
56997
2975
30906
48701
85006
47413
61785
94666
41696
15391
10578
94120
30916
98376
45994
64232
67243
52726
25509
72646
56693
47714
28758
83840
53837
79160
95247
51470
28260
89808
14213
85257
92783
45118
33958
77789
92531
95742
72456
34228
11133
83033
28348
42049
81409
74342
6281
48653
27069
31790
21299
83761
79503
50057
67601
33340
29217
62849
84810
57476
52658
99022
42733
45441
44141
76691
23230
36673
72433
95685
70900
83566
78719
99248
25616
60128
73590
31897
8781
660
63686
30080
84420
43190
80136
52022
76530
9353
14871
61340
66829
67528
60363
9563
12970
4504
86253
36199
41177
58687
31885
12077
42254
10604
11325
67869
70732
84915
99765
79513
85574
63452
9593
69995
6642
89729
22017
83171
99082
36888
44512
65912
4417
4875
75474
17387
9378
61728
53585
50554
20416
85470
62631
62669
96074
73956
30539
66806
58871
30305
46320
44446
93757
55912
14441
399
45641
36458
83570
44724
73346
28082
10636
77763
32956
86109
95149
42334
47838
48735
92888
68253
34205
55520
30923
30279
29476
61461
97085
88346
91766
43405
32793
85523
99317
47233
85922
44959
83691
69493
89682
57037
97575
318
34800
30532
86427
29950
72865
34265
78684
65754
2519
12890
21274
33441
43168
50749
94902
40254
39096
86668
83659
71888
72192
82976
19122
58115
27935
2813
27608
17618
59850
25183
17936
94650
55715
4363
24600
28580
38628
3284
94334
41147
16173
15608
74587
59341
66357
69490
99595
5454
56158
83254
77342
28351
66230
96463
86466
94165
99276
14074
11784
59127
39257
29719
53777
94972
34082
78376
23552
72709
81660
17886
13856
97832
33494
88443
57174
99850
57933
56769
5304
14092
40024
82646
42443
6255
79110
28909
421
78386
42983
12204
37513
82240
41922
91289
77212
76003
69666
764
48713
51326
18650
62569
49159
52144
51012
6334
51994
8946
63103
57298
23037
3127
39945
65479
9382
19055
94387
9802
97440
37371
22005
34954
19611
63927
26244
96822
39931
95910
97586
88643
47236
16237
51213
96395
68380
2226
2730
20375
11171
65832
77673
34207
68959
17618
99686
78340
36673
94074
88142
34113
31445
10148
69067
51056
74074
95311
47879
14005
91221
45465
2649
38458
61702
53862
34853
30083
56087
37582
50458
67257
3415
28131
1465
72373
45749
1151
50714
82421
95225
38856
16535
26671
49003
85602
77726
23078
80913
25605
37083
72134
71070
39732
10592
32773
93593
45445
62855
49680
83026
13313
16937
86441
41444
18402
58814
87193
19553
9529
69614
14778
48385
86149
41449
97388
71751
19175
20466
52664
44780
57549
24799
15851
97280
35390
48623
90873
80834
11479
40554
63861
24792
57491
50303
66235
75892
9117
53428
95445
18646
23043
10223
67030
9193
51672
64418
80944
70847
84884
33609
15627
42433
58407
31478
39714
93797
80101
30587
74632
91579
71141
38494
16371
28632
88796
82606
4525
97913
36035
99969
16559
59077
10193
83588
68270
61864
48007
49214
32711
32891
82822
48338
75324
41229
79815
15038
35026
59917
45625
9659
51496
16766
48152
67867
45398
36948
50473
49923
34861
86508
49892
51419
45586
60085
35008
13856
21949
83015
63069
54660
15907
45891
2999
91230
87120
82814
6269
22147
42731
51893
31805
94226
68659
79956
62094
14058
16905
12568
63980
51765
99075
13872
3185
44661
73957
38193
58516
95905
21208
21586
50566
37114
67477
53564
28345
54597
36378
34613
76744
79108
86505
8549
73335
55165
88505
35429
69222
5411
47997
33202
57176
47072
47074
60360
91732
21031
98553
50249
16937
19761
71834
67502
56875
39311
21067
85219
93908
57444
19832
70652
36553
6338
79201
9889
61502
67707
45318
30725
73117
93314
63926
30293
40386
11001
90653
32119
32031
89206
82367
48967
8967
54202
16470
65842
93513
37536
51061
87421
94980
70893
58073
31534
77231
37275
41422
38734
4982
86739
69458
78099
80053
33385
8392
20440
44385
99044
52558
76415
88251
34926
25383
97218
89128
41853
63060
82641
79388
14122
70062
74369
85015
28136
5904
62246
65410
47325
980
70392
34065
70437
48491
14119
3822
56883
34559
48207
55927
87116
24622
44179
22043
50005
41397
11171
91857
4457
93811
71246
18579
63874
45615
3594
92009
51518
65839
57420
98843
66818
27812
32909
37256
76303
47027
41078
33186
81585
89284
89113
68702
13907
33292
90745
63911
74689
1916
55769
79145
95727
27015
97723
59602
72630
1317
51611
24149
67155
9032
22992
33974
36844
55901
71230
13147
2928
12308
46333
84513
1593
35447
53215
15500
68739
43961
79411
43428
45877
35180
22573
41604
62194
20297
1206
34825
21614
52817
58973
88769
61849
81965
22743
98692
37866
93973
11840
40794
6282
58173
25307
7874
93619
78522
23374
62358
22483
2785
5787
68359
37964
28359
9964
159
48656
11170
34983
70269
63987
93956
59038
25836
75921
81781
24528
13788
75755
36368
54581
82036
94540
79888
89910
88160
58410
13284
50519
80892
16068
56305
49252
54032
84664
59215
54190
33320
70384
89173
3590
34371
83129
62628
60206
59051
44410
84734
72838
20165
21103
27420
2202
15644
7308
92111
3804
65717
5396
54322
46610
21464
10628
95861
75495
95291
55077
29686
28612
25461
18860
32202
59832
1989
94829
20039
61040
39240
4774
33878
59405
25876
61297
61606
41519
68604
53718
45323
34322
59113
99645
80931
80576
10273
76793
56071
5565
31870
85757
34177
57331
4617
66378
17163
6606
61208
37202
67645
449
41975
1524
59853
67851
62821
21459
9370
31426
75177
54693
65747
34290
54338
46679
14867
64610
23472
70938
70175
55341
56695
4352
12672
61312
70730
29835
67917
31938
67036
35563
32386
9011
37086
92238
76861
99906
13698
86231
31332
88875
40924
97079
23165
95261
43758
38032
59872
67229
8970
30048
22571
65665
34399
35243
26977
5129
65077
94893
37067
32113
30456
69452
41124
67542
61691
17986
67448
75389
4218
98780
64264
45142
95860
87429
40403
39618
25461
276
6848
34431
30324
29418
96
64722
64660
27072
69851
29737
21966
6918
61850
52422
76370
2975
19964
38062
20961
87412
13451
25178
86193
77715
70319
82053
65145
10723
21671
90605
10999
28518
25036
41322
57935
25132
6045
22596
52203
75895
52333
74168
82813
14184
26590
59184
17158
46554
97245
38119
33966
10697
63297
20159
88411
33617
2212
53556
44340
23883
44162
55338
52400
69198
96660
10336
94329
2706
32932
46533
78600
85264
20702
61414
99447
47292
20598
16606
93845
17844
54724
27811
28540
18021
47970
16952
51637
50182
70508
95976
74064
14671
51315
26465
83868
47976
36801
78198
50681
69732
24732
29282
54997
45433
90695
54444
92724
11294
71049
86569
29137
25774
14381
57677
43795
62351
74628
95432
12533
45137
91409
86597
59807
42724
13063
43676
90700
49863
21874
41381
19596
46605
70663
74592
92038
61359
29036
84762
72652
86
71332
1790
25860
85713
59466
69654
48064
34095
65086
60597
79231
56495
47195
39039
99219
60257
82714
89919
10121
4589
31301
29716
51194
1964
4309
43232
63322
33345
27995
35975
33430
99326
37764
59289
85040
97230
28944
33105
31326
94029
93702
10558
50525
40897
49596
49744
1155
32310
39664
11276
36899
70965
40992
88092
72928
45300
31324
36251
78644
59319
72225
12075
58646
9990
71364
43686
7221
308
76790
38547
94337
70493
49104
44862
11391
98699
94606
12545
31010
34271
23821
67908
5236
64812
56001
78163
10112
87325
14415
88756
46644
86640
832
5290
96629
72195
48975
3851
72503
25766
42397
66840
96259
91500
11702
7650
90200
6309
20195
21211
40579
44015
89119
45814
8827
45120
23978
18939
32445
38392
7696
79089
25032
8527
84378
21662
80721
33354
25512
53224
59120
67908
20065
55379
59409
31767
63028
49610
38075
83222
70820
78654
27238
59939
24468
36064
5060
48446
55003
37505
86837
62698
16594
11870
71225
973
33532
51946
34327
59043
5171
93447
26952
25236
48826
86361
57002
11855
35971
95077
95077
6791
73731
22315
66730
98199
58379
71789
46645
13383
9295
33483
76080
25888
45352
47306
26861
78883
99251
61187
37927
4423
54634
64879
29659
3461
51240
86661
15316
87210
81738
10394
94000
55470
32709
60730
53669
91087
32520
315
4471
41814
33797
80550
67702
79149
27856
94562
58033
27108
55750
95960
31531
10385
60839
61190
13845
12079
47851
29161
99288
29589
39554
93289
85059
72262
54020
38728
63350
86540
39042
67820
28354
72839
48371
96056
51988
76227
90619
10022
3336
46370
5982
34866
56754
66820
96056
70599
78899
43907
99759
78187
73496
39313
71477
58555
11575
25497
97283
74924
12038
36326
42744
40392
9165
91114
36448
61153
67341
27067
71174
70676
73436
77155
5543
30191
43976
1599
790
22875
45506
549
1063
19002
39861
72539
77557
51436
98036
74840
26360
10074
11166
69104
50465
20331
60218
86913
81483
27560
13981
52658
98236
87417
29814
3780
17608
73789
5379
18397
96664
50884
18946
97726
69886
58806
70266
47444
10242
68303
22284
36602
78377
33450
5706
28843
53780
65924
15756
35264
93483
29737
87921
91720
17154
17735
95499
34761
91523
878
53158
88188
51762
72103
85914
21649
30910
56181
69092
41152
24484
91376
77753
2862
24826
83458
31704
78606
49382
47460
13870
42866
77196
1791
34587
94349
19525
30086
29111
11049
30964
82269
99236
82726
54373
85151
4375
85282
41332
73466
26434
65816
64842
4188
68677
89668
87645
382
68274
37028
47841
82143
79894
25038
83934
14481
19388
3460
44567
48499
14509
75530
30768
13746
58256
85141
98896
62631
70423
40229
36098
96857
6046
941
1045
74723
90608
88690
75104
58883
25719
22946
41027
5613
47983
24961
20093
67370
28421
64660
15870
42929
40190
46637
56674
98446
31778
55571
61078
2202
95800
97175
99059
1846
98115
105
76568
88724
88794
51673
47607
14513
74618
88633
20126
22602
13595
40219
89972
42016
4879
5842
84944
45069
52479
41619
43516
84256
97190
4594
86458
92990
1770
85517
94835
99884
85621
71404
88609
74416
23077
36217
88929
97695
24851
9055
20297
38445
49274
10269
80460
54152
16111
65405
99220
68589
7025
42737
52846
4215
47330
39304
97205
49099
24822
92041
48984
10444
63445
37594
84860
86522
73810
73789
84217
98660
82844
4514
37106
32119
14783
17567
86270
30893
82971
85491
99482
89996
28228
52328
94210
75558
91632
91415
24657
16455
83456
73641
26898
46902
11235
11759
33424
85045
85548
17641
83705
68392
22155
20811
511
36938
38377
86781
67831
21349
72273
67313
11345
501
19641
5556
76058
11273
96971
716
27728
80428
74357
54625
27330
85592
66383
60754
70637
51931
78395
54342
20324
550
75153
20835
37487
13531
7617
5319
34880
79889
72631
46225
80390
92271
51780
56449
3545
48752
57164
31272
29181
31522
85897
56510
17114
52281
17265
87750
4213
95659
42093
24537
96209
17247
45371
33697
30778
52988
39015
65657
32877
11646
11883
13267
3918
63663
69715
7463
12415
26880
38735
41595
58401
24633
98105
75515
76913
15371
63266
81125
11030
5360
5663
7240
22606
51034
40936
53384
4022
79950
19042
36898
91596
30924
50165
95514
94586
19880
2977
7002
46760
41712
48596
5161
66344
46702
80675
43257
62072
43942
24383
73102
49301
30045
80341
71906
81078
21278
25291
85100
1229
44332
21998
92824
75255
72162
88338
69841
92042
91315
76842
38802
33027
25439
43963
99370
72141
24639
42628
34214
68580
67011
7316
17881
97056
87657
89787
78134
8935
15078
63235
10163
59409
85232
2987
34664
57395
91325
4506
49437
82641
81348
88239
15669
6788
32202
15039
78928
56840
57667
13142
25421
24678
20458
43301
21734
8115
33089
99868
17049
48166
63103
27211
7576
48336
30198
42240
5731
21524
46746
55168
4165
28094
43408
19833
34882
75609
34872
13810
32450
92538
26952
57870
17217
47410
1172
38950
55524
34260
38819
72573
82426
1922
99783
90001
50257
29982
32242
55988
51505
78987
11157
55670
7081
54564
75503
41962
30173
10375
55772
62623
2914
82724
20493
20131
30134
21665
59081
85658
55924
97899
58231
38350
99821
58015
28352
50079
87996
60593
6068
39502
39580
17224
95171
46661
71787
70674
88623
1961
81049
44396
64583
83963
27121
85076
4095
57255
6741
63175
42913
62664
61075
1145
1015
60896
59159
29367
10976
47155
89960
17043
86656
29541
34266
81828
76201
6054
52503
64825
8014
33552
9222
72597
17516
36343
57673
21610
93597
64413
84785
36510
27078
45860
37654
28093
6757
96813
57459
17732
43968
47419
34775
30625
76959
69041
12453
53161
75094
64955
17987
83107
98507
27209
55704
16023
63551
13378
37633
57148
77790
22419
93658
4869
68278
31313
32961
75035
28126
90420
92767
72094
37840
27542
2719
14800
96582
15171
67960
71676
80125
85947
54784
78633
13156
10489
94656
76707
23866
32289
33855
1657
54707
27514
6525
22986
58826
39486
98020
86952
29906
90787
59046
67746
18330
61765
82545
14912
76935
50506
86587
57061
36453
41372
35694
49609
51860
30350
26317
75725
62639
60172
77381
17347
87685
83906
40333
46512
23392
38353
33464
53298
29141
92510
21044
47470
54275
3590
62382
31211
54095
48969
88272
90548
90340
23967
40158
42201
54317
66474
17926
16957
26646
95307
34303
14331
79213
74635
60843
2606
12989
94307
55904
42130
86817
76948
89600
41093
80537
51982
72304
34633
952
60576
25181
91292
84542
65338
33493
38860
31812
51418
55816
58457
46726
90118
72788
25939
64754
33631
28545
77743
27938
84448
19873
14756
61397
9473
55849
41934
61455
28153
76566
62406
88729
1748
53698
73271
67085
87190
12131
98897
38609
67946
57355
85334
58065
30144
11274
22820
63774
39818
563
91712
24267
20435
6469
85663
29908
62317
27598
91362
90470
4165
53768
79199
5912
7467
52471
72997
94656
64602
71894
33266
32549
29250
18600
90613
59393
29874
13433
23167
69692
13996
14880
93958
34430
21349
79622
64338
83665
7220
55701
74136
11384
9470
53335
17296
16936
5807
90292
11593
70408
62187
44858
2957
91436
63458
93570
50829
93332
7004
73996
63024
20999
88875
56983
55429
10224
36605
19768
93889
43825
75468
68025
55209
84937
21361
72504
1873
27167
62797
13465
97575
24984
58323
533
16420
21782
94102
67248
15114
1107
41244
78137
22106
30120
35120
77534
40344
71725
97301
34234
15550
72769
2260
70758
57707
23621
43263
59579
50788
6060
73044
48363
31043
31368
48895
47463
53149
42998
14712
68263
44105
55956
46401
66210
86076
81521
43745
26420
53246
41047
60653
68795
13817
62913
39554
71523
86533
82817
31103
37321
